['little' 'small' 'tiny']
[ 0.01611929  0.08275204  0.03066897]
3


little:		 0.016119285212
tiny:		 0.0306689695834
small:		 0.0827520399377


tau =  0.333333333333
spear =  0.5
