['giant' 'colossal' 'enormous' 'immense' 'huge' 'large']
[ 0.05648342  0.00685333  0.01681994  0.02155009  0.03411876  0.0198371 ]
6


giant:		 0.0564834197904
huge:		 0.0341187638775
immense:		 0.0215500853832
large:		 0.0198371032288
enormous:		 0.0168199373945
colossal:		 0.00685333218289


tau =  -0.0666666666667
spear =  0.0285714285714
