CALM:		 97.1544124953
QUIET:		 91.2768412752
TENSE:		 86.8133853864
ANGRY:		 95.8334952693
FURIOUS:		 100.0
