{'CALM': 0, 'QUIET': 1}
{'FURIOUS': 2, 'ANGRY': 1, 'TENSE': 0}


CALM:		 95.5922890236
QUIET:		 84.4192188781
TENSE:		 75.555576459
ANGRY:		 94.4616853936
FURIOUS:		 100.0


tau_positive_class =  1.0
tau_negative_class =  1.0
spear_positive_class =  1.0
spear_negative_class =  1.0 

