WORDS  , BLUNT , CANDID , CIRCUMSPECT , COY , DEVIOUS , DISCREET , DISHONEST , DISINGENUOUS , EARNEST , EVASIVE , EXPLICIT , FORTHCOMING , FORTHRIGHT , FRANK , HONEST , INGENUOUS , OPEN , OUTSPOKEN , SECRETIVE , SINCERE , STRAIGHT , STRAIGHTFORWARD , TRUTHFUL
BLUNT ,  1.0 ,  0.307962589394 ,  0.24793318124 ,  0.314028417887 ,  0.215495886651 ,  0.28425797276 ,  0.196924703515 ,  0.273019889461 ,  0.214961038387 ,  0.221984913407 ,  0.309181792164 ,  0.179289460767 ,  0.33227271893 ,  0.167364533665 ,  0.207918562173 ,  0.0869668589329 ,  0.0686027403329 ,  0.288098615485 ,  0.17004645526 ,  0.3006710657 ,  0.140493175981 ,  0.319145075166 ,  0.282486816929
CANDID ,  0.307962589394 ,  1.0 ,  0.419268970626 ,  0.382616562171 ,  0.330342642978 ,  0.436879634746 ,  0.371224408343 ,  0.424909837402 ,  0.283984645283 ,  0.428622099333 ,  0.483323428483 ,  0.399678422707 ,  0.60136032629 ,  0.190049843313 ,  0.509537089996 ,  0.147551082467 ,  0.099529769668 ,  0.35569977516 ,  0.307569234027 ,  0.5011641908 ,  0.181057754856 ,  0.481098962614 ,  0.609993800023
CIRCUMSPECT ,  0.24793318124 ,  0.419268970626 ,  1.0 ,  0.440452190171 ,  0.353089514166 ,  0.380123184821 ,  0.285645887484 ,  0.352512295123 ,  0.204668735768 ,  0.369908335823 ,  0.303574543702 ,  0.342581950723 ,  0.482823112109 ,  0.127391789934 ,  0.242993027435 ,  0.192072426078 ,  0.0185781335842 ,  0.34490747563 ,  0.33533882091 ,  0.413717312501 ,  0.0210039587768 ,  0.326263843648 ,  0.384085626708
COY ,  0.314028417887 ,  0.382616562171 ,  0.440452190171 ,  1.0 ,  0.415181955715 ,  0.395730454607 ,  0.330358420477 ,  0.357686275302 ,  0.221211357921 ,  0.415931469029 ,  0.257351979961 ,  0.189823116204 ,  0.405359122273 ,  0.175091994134 ,  0.231780432665 ,  0.23107267854 ,  0.0355045938277 ,  0.218269770635 ,  0.277685505966 ,  0.345881959466 ,  0.0792191094575 ,  0.312471425397 ,  0.387922653928
DEVIOUS ,  0.215495886651 ,  0.330342642978 ,  0.353089514166 ,  0.415181955715 ,  1.0 ,  0.48689802017 ,  0.474548861429 ,  0.344376668087 ,  0.259360363103 ,  0.465728856746 ,  0.293243843556 ,  0.190140238836 ,  0.424368811207 ,  0.0191664138488 ,  0.275295363433 ,  0.22749761135 ,  0.0579179035634 ,  0.345587138871 ,  0.414597731725 ,  0.3797511644 ,  0.136576879061 ,  0.426518214033 ,  0.381117386681
DISCREET ,  0.28425797276 ,  0.436879634746 ,  0.380123184821 ,  0.395730454607 ,  0.48689802017 ,  1.0 ,  0.40270973916 ,  0.349726976344 ,  0.232545163253 ,  0.465547426344 ,  0.386366619589 ,  0.300450273082 ,  0.52625837592 ,  0.100355313259 ,  0.340355758774 ,  0.220605202978 ,  0.141371704793 ,  0.302234852006 ,  0.441718376882 ,  0.454633378463 ,  0.138084534078 ,  0.501325005506 ,  0.453536392651
DISHONEST ,  0.196924703515 ,  0.371224408343 ,  0.285645887484 ,  0.330358420477 ,  0.474548861429 ,  0.40270973916 ,  1.0 ,  0.540816697766 ,  0.305804813767 ,  0.343613101171 ,  0.249063132075 ,  0.220072980218 ,  0.423076969448 ,  0.102123344904 ,  0.417309762869 ,  0.223176691569 ,  0.063505705427 ,  0.325379753302 ,  0.395116276154 ,  0.374994535151 ,  0.0938518182109 ,  0.44188886924 ,  0.463024025811
DISINGENUOUS ,  0.273019889461 ,  0.424909837402 ,  0.352512295123 ,  0.357686275302 ,  0.344376668087 ,  0.349726976344 ,  0.540816697766 ,  1.0 ,  0.262218655572 ,  0.438666955719 ,  0.358488942599 ,  0.274873892468 ,  0.467154652385 ,  0.126924710204 ,  0.355955664227 ,  0.216409107245 ,  0.0444824486863 ,  0.341927761182 ,  0.242772923912 ,  0.421780157448 ,  0.11597289465 ,  0.395865109685 ,  0.437019959954
EARNEST ,  0.214961038387 ,  0.283984645283 ,  0.204668735768 ,  0.221211357921 ,  0.259360363103 ,  0.232545163253 ,  0.305804813767 ,  0.262218655572 ,  1.0 ,  0.209530243626 ,  0.183090394022 ,  0.198444861222 ,  0.328548692407 ,  0.15082976405 ,  0.228146027727 ,  0.0969750974263 ,  0.0685894651685 ,  0.303658272148 ,  0.221369719672 ,  0.395203154649 ,  0.12104802905 ,  0.245805568184 ,  0.307544017972
EVASIVE ,  0.221984913407 ,  0.428622099333 ,  0.369908335823 ,  0.415931469029 ,  0.465728856746 ,  0.465547426344 ,  0.343613101171 ,  0.438666955719 ,  0.209530243626 ,  1.0 ,  0.330259615118 ,  0.196587883505 ,  0.471870372957 ,  0.094291650235 ,  0.239337420776 ,  0.209759330203 ,  0.0447056733754 ,  0.252609192341 ,  0.282208249532 ,  0.367182934204 ,  0.0788805253162 ,  0.399009859679 ,  0.431736314855
EXPLICIT ,  0.309181792164 ,  0.483323428483 ,  0.303574543702 ,  0.257351979961 ,  0.293243843556 ,  0.386366619589 ,  0.249063132075 ,  0.358488942599 ,  0.183090394022 ,  0.330259615118 ,  1.0 ,  0.352684297252 ,  0.431389844382 ,  0.0985440017584 ,  0.320291086081 ,  0.15358599648 ,  0.126433791306 ,  0.313051438881 ,  0.262957104113 ,  0.442274409459 ,  0.126479301731 ,  0.446623598033 ,  0.43676791242
FORTHCOMING ,  0.179289460767 ,  0.399678422707 ,  0.342581950723 ,  0.189823116204 ,  0.190140238836 ,  0.300450273082 ,  0.220072980218 ,  0.274873892468 ,  0.198444861222 ,  0.196587883505 ,  0.352684297252 ,  1.0 ,  0.378054162486 ,  0.121735261025 ,  0.308848199533 ,  0.0884897611803 ,  0.147926479553 ,  0.265022377603 ,  0.306573391693 ,  0.317020880118 ,  0.195058311674 ,  0.374377576661 ,  0.417284156731
FORTHRIGHT ,  0.33227271893 ,  0.60136032629 ,  0.482823112109 ,  0.405359122273 ,  0.424368811207 ,  0.52625837592 ,  0.423076969448 ,  0.467154652385 ,  0.328548692407 ,  0.471870372957 ,  0.431389844382 ,  0.378054162486 ,  1.0 ,  0.11397783739 ,  0.421257944605 ,  0.172076939543 ,  0.0884853355346 ,  0.38684073508 ,  0.389181584547 ,  0.565381157251 ,  0.133351125771 ,  0.582163481112 ,  0.614758884726
FRANK ,  0.167364533665 ,  0.190049843313 ,  0.127391789934 ,  0.175091994134 ,  0.0191664138488 ,  0.100355313259 ,  0.102123344904 ,  0.126924710204 ,  0.15082976405 ,  0.094291650235 ,  0.0985440017584 ,  0.121735261025 ,  0.11397783739 ,  1.0 ,  0.171953623235 ,  0.0404389078923 ,  0.0688349892041 ,  0.0355325239542 ,  0.0599680782667 ,  0.13037201905 ,  0.121065997787 ,  0.122892538919 ,  0.155395269521
HONEST ,  0.207918562173 ,  0.509537089996 ,  0.242993027435 ,  0.231780432665 ,  0.275295363433 ,  0.340355758774 ,  0.417309762869 ,  0.355955664227 ,  0.228146027727 ,  0.239337420776 ,  0.320291086081 ,  0.308848199533 ,  0.421257944605 ,  0.171953623235 ,  1.0 ,  0.131664596609 ,  0.177961763269 ,  0.282728942023 ,  0.276700374155 ,  0.457714356306 ,  0.263146296833 ,  0.482021091261 ,  0.501349540771
INGENUOUS ,  0.0869668589329 ,  0.147551082467 ,  0.192072426078 ,  0.23107267854 ,  0.22749761135 ,  0.220605202978 ,  0.223176691569 ,  0.216409107245 ,  0.0969750974263 ,  0.209759330203 ,  0.15358599648 ,  0.0884897611803 ,  0.172076939543 ,  0.0404389078923 ,  0.131664596609 ,  1.0 ,  0.0554375926888 ,  0.130273332089 ,  0.167413042756 ,  0.184034619568 ,  0.0737322493529 ,  0.208848498487 ,  0.167572614983
OPEN ,  0.0686027403329 ,  0.099529769668 ,  0.0185781335842 ,  0.0355045938277 ,  0.0579179035634 ,  0.141371704793 ,  0.063505705427 ,  0.0444824486863 ,  0.0685894651685 ,  0.0447056733754 ,  0.126433791306 ,  0.147926479553 ,  0.0884853355346 ,  0.0688349892041 ,  0.177961763269 ,  0.0554375926888 ,  1.0 ,  0.0641294614325 ,  0.10455688095 ,  0.127617000021 ,  0.180587755665 ,  0.161033408246 ,  0.138321950109
OUTSPOKEN ,  0.288098615485 ,  0.35569977516 ,  0.34490747563 ,  0.218269770635 ,  0.345587138871 ,  0.302234852006 ,  0.325379753302 ,  0.341927761182 ,  0.303658272148 ,  0.252609192341 ,  0.313051438881 ,  0.265022377603 ,  0.38684073508 ,  0.0355325239542 ,  0.282728942023 ,  0.130273332089 ,  0.0641294614325 ,  1.0 ,  0.389602191849 ,  0.381249377022 ,  0.102190292392 ,  0.275804982151 ,  0.306986764571
SECRETIVE ,  0.17004645526 ,  0.307569234027 ,  0.33533882091 ,  0.277685505966 ,  0.414597731725 ,  0.441718376882 ,  0.395116276154 ,  0.242772923912 ,  0.221369719672 ,  0.282208249532 ,  0.262957104113 ,  0.306573391693 ,  0.389181584547 ,  0.0599680782667 ,  0.276700374155 ,  0.167413042756 ,  0.10455688095 ,  0.389602191849 ,  1.0 ,  0.321720087748 ,  0.0885845708449 ,  0.353261527403 ,  0.32344731887
SINCERE ,  0.3006710657 ,  0.5011641908 ,  0.413717312501 ,  0.345881959466 ,  0.3797511644 ,  0.454633378463 ,  0.374994535151 ,  0.421780157448 ,  0.395203154649 ,  0.367182934204 ,  0.442274409459 ,  0.317020880118 ,  0.565381157251 ,  0.13037201905 ,  0.457714356306 ,  0.184034619568 ,  0.127617000021 ,  0.381249377022 ,  0.321720087748 ,  1.0 ,  0.152957953069 ,  0.487474269515 ,  0.514989632352
STRAIGHT ,  0.140493175981 ,  0.181057754856 ,  0.0210039587768 ,  0.0792191094575 ,  0.136576879061 ,  0.138084534078 ,  0.0938518182109 ,  0.11597289465 ,  0.12104802905 ,  0.0788805253162 ,  0.126479301731 ,  0.195058311674 ,  0.133351125771 ,  0.121065997787 ,  0.263146296833 ,  0.0737322493529 ,  0.180587755665 ,  0.102190292392 ,  0.0885845708449 ,  0.152957953069 ,  1.0 ,  0.182699675661 ,  0.171840890089
STRAIGHTFORWARD ,  0.319145075166 ,  0.481098962614 ,  0.326263843648 ,  0.312471425397 ,  0.426518214033 ,  0.501325005506 ,  0.44188886924 ,  0.395865109685 ,  0.245805568184 ,  0.399009859679 ,  0.446623598033 ,  0.374377576661 ,  0.582163481112 ,  0.122892538919 ,  0.482021091261 ,  0.208848498487 ,  0.161033408246 ,  0.275804982151 ,  0.353261527403 ,  0.487474269515 ,  0.182699675661 ,  1.0 ,  0.568581507231
TRUTHFUL ,  0.282486816929 ,  0.609993800023 ,  0.384085626708 ,  0.387922653928 ,  0.381117386681 ,  0.453536392651 ,  0.463024025811 ,  0.437019959954 ,  0.307544017972 ,  0.431736314855 ,  0.43676791242 ,  0.417284156731 ,  0.614758884726 ,  0.155395269521 ,  0.501349540771 ,  0.167572614983 ,  0.138321950109 ,  0.306986764571 ,  0.32344731887 ,  0.514989632352 ,  0.171840890089 ,  0.568581507231 ,  1.0
