WORDS  , CERTAIN , CONFIDENT , CONVINCED , DOUBTFUL , DUBIOUS , POSITIVE , SKEPTICAL , SURE , UNCERTAIN , UNSURE
CERTAIN ,  1.0 ,  0.361567891471 ,  0.346542582089 ,  0.308134108276 ,  0.250771302605 ,  0.32638788787 ,  0.347719438236 ,  0.438416701265 ,  0.303628107573 ,  0.247069730259
CONFIDENT ,  0.361567891471 ,  1.0 ,  0.510371848373 ,  0.527639157921 ,  0.186954240879 ,  0.283270506107 ,  0.535138486414 ,  0.46030763739 ,  0.371147938705 ,  0.440614200724
CONVINCED ,  0.346542582089 ,  0.510371848373 ,  1.0 ,  0.350377061415 ,  0.147085883111 ,  0.137697324267 ,  0.390115639968 ,  0.45354296297 ,  0.217585602499 ,  0.32846673782
DOUBTFUL ,  0.308134108276 ,  0.527639157921 ,  0.350377061415 ,  1.0 ,  0.359977709661 ,  0.261919968836 ,  0.500453101502 ,  0.34455706324 ,  0.428937040872 ,  0.503963597616
DUBIOUS ,  0.250771302605 ,  0.186954240879 ,  0.147085883111 ,  0.359977709661 ,  1.0 ,  0.304424554871 ,  0.302108087257 ,  0.152483422089 ,  0.389670227534 ,  0.267027381649
POSITIVE ,  0.32638788787 ,  0.283270506107 ,  0.137697324267 ,  0.261919968836 ,  0.304424554871 ,  1.0 ,  0.27513342976 ,  0.20386355728 ,  0.34568318767 ,  0.228719321845
SKEPTICAL ,  0.347719438236 ,  0.535138486414 ,  0.390115639968 ,  0.500453101502 ,  0.302108087257 ,  0.27513342976 ,  1.0 ,  0.311379221664 ,  0.370942672617 ,  0.457680266593
SURE ,  0.438416701265 ,  0.46030763739 ,  0.45354296297 ,  0.34455706324 ,  0.152483422089 ,  0.20386355728 ,  0.311379221664 ,  1.0 ,  0.224289406881 ,  0.341826391742
UNCERTAIN ,  0.303628107573 ,  0.371147938705 ,  0.217585602499 ,  0.428937040872 ,  0.389670227534 ,  0.34568318767 ,  0.370942672617 ,  0.224289406881 ,  1.0 ,  0.478316066236
UNSURE ,  0.247069730259 ,  0.440614200724 ,  0.32846673782 ,  0.503963597616 ,  0.267027381649 ,  0.228719321845 ,  0.457680266593 ,  0.341826391742 ,  0.478316066236 ,  1.0
