WORDS  , AROMATIC , BITTER , BLAND , DELECTABLE , DELICIOUS , FRAGRANT , HOT , INSIPID , PALATABLE , PUNGENT , SALTY , SCRUMPTIOUS , SMELLY , SOUR , SPICY , SWEET , TART , TASTELESS , TASTY , UNPALATABLE , YUMMY
AROMATIC ,  1.0 ,  0.265395975459 ,  0.349861951005 ,  0.448608897471 ,  0.221965491979 ,  0.509341340187 ,  0.171121195992 ,  0.387755880874 ,  0.250837868466 ,  0.531033053378 ,  0.428337382219 ,  0.440450570039 ,  0.476306611881 ,  0.193731654631 ,  0.407501997575 ,  0.250609560357 ,  0.243952522961 ,  0.416409495484 ,  0.328236375636 ,  0.300614961288 ,  0.375309940827
BITTER ,  0.265395975459 ,  1.0 ,  0.276754909393 ,  0.263284105482 ,  0.3046000447 ,  0.378172022433 ,  0.293008521546 ,  0.241010542608 ,  0.240352354301 ,  0.354361134003 ,  0.340397633346 ,  0.220445986565 ,  0.322648274545 ,  0.290606740204 ,  0.320955075168 ,  0.367024837753 ,  0.158438969912 ,  0.337011245125 ,  0.291225752856 ,  0.302126147997 ,  0.266420454975
BLAND ,  0.349861951005 ,  0.276754909393 ,  1.0 ,  0.399962102681 ,  0.434594246841 ,  0.43952603164 ,  0.240047332847 ,  0.465456897373 ,  0.364525429144 ,  0.487297872241 ,  0.484679070211 ,  0.336188575286 ,  0.443774974346 ,  0.259240822667 ,  0.419842613084 ,  0.32327740971 ,  0.390504622145 ,  0.547701130985 ,  0.451675808394 ,  0.302457772572 ,  0.433847137119
DELECTABLE ,  0.448608897471 ,  0.263284105482 ,  0.399962102681 ,  1.0 ,  0.414447445977 ,  0.462605321856 ,  0.210544477791 ,  0.456829483854 ,  0.322928718568 ,  0.490376602242 ,  0.458008325816 ,  0.543815093473 ,  0.455674415756 ,  0.222378587651 ,  0.533030780368 ,  0.321153332714 ,  0.26851814277 ,  0.461847016008 ,  0.491642722197 ,  0.287624412724 ,  0.464727899881
DELICIOUS ,  0.221965491979 ,  0.3046000447 ,  0.434594246841 ,  0.414447445977 ,  1.0 ,  0.398841969308 ,  0.268942718276 ,  0.34939406295 ,  0.297750619946 ,  0.44374133363 ,  0.413271276117 ,  0.348565572948 ,  0.396628505008 ,  0.230061931271 ,  0.568192766367 ,  0.370924930701 ,  0.249586894125 ,  0.429402237734 ,  0.567985460798 ,  0.283722114039 ,  0.453758234115
FRAGRANT ,  0.509341340187 ,  0.378172022433 ,  0.43952603164 ,  0.462605321856 ,  0.398841969308 ,  1.0 ,  0.289175591987 ,  0.414664298654 ,  0.283899592421 ,  0.583943854595 ,  0.507722434273 ,  0.430217727378 ,  0.54533729164 ,  0.243347711945 ,  0.508807945432 ,  0.352027942168 ,  0.257317366079 ,  0.434724676864 ,  0.409320278932 ,  0.284932938821 ,  0.424644101685
HOT ,  0.171121195992 ,  0.293008521546 ,  0.240047332847 ,  0.210544477791 ,  0.268942718276 ,  0.289175591987 ,  1.0 ,  0.191151669644 ,  0.160173537398 ,  0.220252832437 ,  0.307092021361 ,  0.173724841997 ,  0.263119428395 ,  0.177671147118 ,  0.283807547051 ,  0.343174948485 ,  0.102803043962 ,  0.198874699531 ,  0.237410332384 ,  0.155022502168 ,  0.236285073656
INSIPID ,  0.387755880874 ,  0.241010542608 ,  0.465456897373 ,  0.456829483854 ,  0.34939406295 ,  0.414664298654 ,  0.191151669644 ,  1.0 ,  0.387556221933 ,  0.462885068063 ,  0.466389601249 ,  0.382693219404 ,  0.451001041836 ,  0.176359324287 ,  0.390237480573 ,  0.276725106267 ,  0.207911556917 ,  0.521718392082 ,  0.404880968917 ,  0.428998744313 ,  0.390755571991
PALATABLE ,  0.250837868466 ,  0.240352354301 ,  0.364525429144 ,  0.322928718568 ,  0.297750619946 ,  0.283899592421 ,  0.160173537398 ,  0.387556221933 ,  1.0 ,  0.337985289405 ,  0.342499548838 ,  0.2093145026 ,  0.283484030103 ,  0.166780543229 ,  0.291366568204 ,  0.228055853156 ,  0.1749602298 ,  0.377325740772 ,  0.367011560819 ,  0.585345434126 ,  0.246284733186
PUNGENT ,  0.531033053378 ,  0.354361134003 ,  0.487297872241 ,  0.490376602242 ,  0.44374133363 ,  0.583943854595 ,  0.220252832437 ,  0.462885068063 ,  0.337985289405 ,  1.0 ,  0.595827083209 ,  0.455549424069 ,  0.533438066366 ,  0.28395585695 ,  0.533979769821 ,  0.354048828703 ,  0.349616451021 ,  0.616999021567 ,  0.43793122613 ,  0.363612037397 ,  0.487411799276
SALTY ,  0.428337382219 ,  0.340397633346 ,  0.484679070211 ,  0.458008325816 ,  0.413271276117 ,  0.507722434273 ,  0.307092021361 ,  0.466389601249 ,  0.342499548838 ,  0.595827083209 ,  1.0 ,  0.401880793688 ,  0.564084460966 ,  0.284800671459 ,  0.541407174163 ,  0.329114096468 ,  0.309436135328 ,  0.516700487996 ,  0.470736824381 ,  0.353189572759 ,  0.455360077664
SCRUMPTIOUS ,  0.440450570039 ,  0.220445986565 ,  0.336188575286 ,  0.543815093473 ,  0.348565572948 ,  0.430217727378 ,  0.173724841997 ,  0.382693219404 ,  0.2093145026 ,  0.455549424069 ,  0.401880793688 ,  1.0 ,  0.437639122743 ,  0.186322340219 ,  0.425084410264 ,  0.258440165222 ,  0.195308093487 ,  0.376458772915 ,  0.421540950979 ,  0.20826351317 ,  0.545283999588
SMELLY ,  0.476306611881 ,  0.322648274545 ,  0.443774974346 ,  0.455674415756 ,  0.396628505008 ,  0.54533729164 ,  0.263119428395 ,  0.451001041836 ,  0.283484030103 ,  0.533438066366 ,  0.564084460966 ,  0.437639122743 ,  1.0 ,  0.20516977112 ,  0.457347854956 ,  0.305591810907 ,  0.218064565022 ,  0.532033431747 ,  0.425757170234 ,  0.350373073754 ,  0.444520577042
SOUR ,  0.193731654631 ,  0.290606740204 ,  0.259240822667 ,  0.222378587651 ,  0.230061931271 ,  0.243347711945 ,  0.177671147118 ,  0.176359324287 ,  0.166780543229 ,  0.28395585695 ,  0.284800671459 ,  0.186322340219 ,  0.20516977112 ,  1.0 ,  0.238568840611 ,  0.20451325421 ,  0.225752277189 ,  0.216793582003 ,  0.212063566845 ,  0.193769899074 ,  0.264028787687
SPICY ,  0.407501997575 ,  0.320955075168 ,  0.419842613084 ,  0.533030780368 ,  0.568192766367 ,  0.508807945432 ,  0.283807547051 ,  0.390237480573 ,  0.291366568204 ,  0.533979769821 ,  0.541407174163 ,  0.425084410264 ,  0.457347854956 ,  0.238568840611 ,  1.0 ,  0.413178838211 ,  0.315692007646 ,  0.446658364747 ,  0.56644318261 ,  0.270711728209 ,  0.490824694111
SWEET ,  0.250609560357 ,  0.367024837753 ,  0.32327740971 ,  0.321153332714 ,  0.370924930701 ,  0.352027942168 ,  0.343174948485 ,  0.276725106267 ,  0.228055853156 ,  0.354048828703 ,  0.329114096468 ,  0.258440165222 ,  0.305591810907 ,  0.20451325421 ,  0.413178838211 ,  1.0 ,  0.220064095401 ,  0.311981109248 ,  0.33645399751 ,  0.229598465192 ,  0.318577888287
TART ,  0.243952522961 ,  0.158438969912 ,  0.390504622145 ,  0.26851814277 ,  0.249586894125 ,  0.257317366079 ,  0.102803043962 ,  0.207911556917 ,  0.1749602298 ,  0.349616451021 ,  0.309436135328 ,  0.195308093487 ,  0.218064565022 ,  0.225752277189 ,  0.315692007646 ,  0.220064095401 ,  1.0 ,  0.333423131123 ,  0.289522653129 ,  0.168988182652 ,  0.307304592134
TASTELESS ,  0.416409495484 ,  0.337011245125 ,  0.547701130985 ,  0.461847016008 ,  0.429402237734 ,  0.434724676864 ,  0.198874699531 ,  0.521718392082 ,  0.377325740772 ,  0.616999021567 ,  0.516700487996 ,  0.376458772915 ,  0.532033431747 ,  0.216793582003 ,  0.446658364747 ,  0.311981109248 ,  0.333423131123 ,  1.0 ,  0.475423983603 ,  0.451448379339 ,  0.44973535576
TASTY ,  0.328236375636 ,  0.291225752856 ,  0.451675808394 ,  0.491642722197 ,  0.567985460798 ,  0.409320278932 ,  0.237410332384 ,  0.404880968917 ,  0.367011560819 ,  0.43793122613 ,  0.470736824381 ,  0.421540950979 ,  0.425757170234 ,  0.212063566845 ,  0.56644318261 ,  0.33645399751 ,  0.289522653129 ,  0.475423983603 ,  1.0 ,  0.349603603814 ,  0.508495060873
UNPALATABLE ,  0.300614961288 ,  0.302126147997 ,  0.302457772572 ,  0.287624412724 ,  0.283722114039 ,  0.284932938821 ,  0.155022502168 ,  0.428998744313 ,  0.585345434126 ,  0.363612037397 ,  0.353189572759 ,  0.20826351317 ,  0.350373073754 ,  0.193769899074 ,  0.270711728209 ,  0.229598465192 ,  0.168988182652 ,  0.451448379339 ,  0.349603603814 ,  1.0 ,  0.241595338539
YUMMY ,  0.375309940827 ,  0.266420454975 ,  0.433847137119 ,  0.464727899881 ,  0.453758234115 ,  0.424644101685 ,  0.236285073656 ,  0.390755571991 ,  0.246284733186 ,  0.487411799276 ,  0.455360077664 ,  0.545283999588 ,  0.444520577042 ,  0.264028787687 ,  0.490824694111 ,  0.318577888287 ,  0.307304592134 ,  0.44973535576 ,  0.508495060873 ,  0.241595338539 ,  1.0
