WORDS  , CONTRITE , GUILTY , PENITENT , REMORSEFUL , REMORSELESS , REPENTANT , RUEFUL , SORRY , UNREPENTANT
CONTRITE ,  1.0 ,  0.120307436571 ,  0.0653023388099 ,  0.485055788107 ,  0.29740511257 ,  0.413017010897 ,  0.373220669759 ,  0.156418764 ,  0.446160181045
GUILTY ,  0.120307436571 ,  1.0 ,  -0.0178625678962 ,  0.148061238253 ,  0.0570969780855 ,  0.0996939567538 ,  0.018230897889 ,  0.21539226483 ,  0.119259533324
PENITENT ,  0.0653023388099 ,  -0.0178625678962 ,  1.0 ,  0.00719968966101 ,  0.114202251672 ,  0.136280631246 ,  0.123593220817 ,  0.0073701902818 ,  0.114168322156
REMORSEFUL ,  0.485055788107 ,  0.148061238253 ,  0.00719968966101 ,  1.0 ,  0.253252568676 ,  0.33970523052 ,  0.265994930278 ,  0.177417926188 ,  0.439846373718
REMORSELESS ,  0.29740511257 ,  0.0570969780855 ,  0.114202251672 ,  0.253252568676 ,  1.0 ,  0.36372648842 ,  0.374170774474 ,  0.0527630012152 ,  0.48372293904
REPENTANT ,  0.413017010897 ,  0.0996939567538 ,  0.136280631246 ,  0.33970523052 ,  0.36372648842 ,  1.0 ,  0.289648674817 ,  0.054308498259 ,  0.491050754497
RUEFUL ,  0.373220669759 ,  0.018230897889 ,  0.123593220817 ,  0.265994930278 ,  0.374170774474 ,  0.289648674817 ,  1.0 ,  0.0843283310391 ,  0.301702471353
SORRY ,  0.156418764 ,  0.21539226483 ,  0.0073701902818 ,  0.177417926188 ,  0.0527630012152 ,  0.054308498259 ,  0.0843283310391 ,  1.0 ,  0.126124044882
UNREPENTANT ,  0.446160181045 ,  0.119259533324 ,  0.114168322156 ,  0.439846373718 ,  0.48372293904 ,  0.491050754497 ,  0.301702471353 ,  0.126124044882 ,  1.0
