WORDS  , DESIRED , DESIROUS , DYING , EAGER , HUNGRY , INTERESTED , LOATH , RARING , RELUCTANT , SPOILING , THIRSTY
DESIRED ,  1.0 ,  0.0798035189365 ,  0.0612812218658 ,  0.255706453041 ,  0.140011917649 ,  0.158702633768 ,  0.164006643933 ,  0.154511410014 ,  0.261891874144 ,  0.145326108682 ,  0.207058882899
DESIROUS ,  0.0798035189365 ,  1.0 ,  0.14636360804 ,  0.0916215194489 ,  0.0704266894747 ,  0.0852897005587 ,  0.267276162655 ,  0.28848397798 ,  0.156334007962 ,  0.000647484539347 ,  0.0662786321009
DYING ,  0.0612812218658 ,  0.14636360804 ,  1.0 ,  0.226945837913 ,  0.340526542553 ,  0.193824895625 ,  0.0199961112892 ,  0.141216041753 ,  0.16541549409 ,  0.0376191216604 ,  0.179876834252
EAGER ,  0.255706453041 ,  0.0916215194489 ,  0.226945837913 ,  1.0 ,  0.431369929786 ,  0.270928931964 ,  0.256917975736 ,  0.249495417461 ,  0.552135825652 ,  0.174562516418 ,  0.34466148497
HUNGRY ,  0.140011917649 ,  0.0704266894747 ,  0.340526542553 ,  0.431369929786 ,  1.0 ,  0.219625720846 ,  0.0874132089515 ,  0.139914227771 ,  0.303333667146 ,  0.151201105843 ,  0.498611783693
INTERESTED ,  0.158702633768 ,  0.0852897005587 ,  0.193824895625 ,  0.270928931964 ,  0.219625720846 ,  1.0 ,  0.0303404603586 ,  0.043772321244 ,  0.253905315833 ,  0.103891178508 ,  0.139291219203
LOATH ,  0.164006643933 ,  0.267276162655 ,  0.0199961112892 ,  0.256917975736 ,  0.0874132089515 ,  0.0303404603586 ,  1.0 ,  0.48044557497 ,  0.395087004806 ,  0.139932841563 ,  0.102252312851
RARING ,  0.154511410014 ,  0.28848397798 ,  0.141216041753 ,  0.249495417461 ,  0.139914227771 ,  0.043772321244 ,  0.48044557497 ,  1.0 ,  0.243526865937 ,  0.166051828635 ,  0.119584978415
RELUCTANT ,  0.261891874144 ,  0.156334007962 ,  0.16541549409 ,  0.552135825652 ,  0.303333667146 ,  0.253905315833 ,  0.395087004806 ,  0.243526865937 ,  1.0 ,  0.0706931284561 ,  0.292579888185
SPOILING ,  0.145326108682 ,  0.000647484539347 ,  0.0376191216604 ,  0.174562516418 ,  0.151201105843 ,  0.103891178508 ,  0.139932841563 ,  0.166051828635 ,  0.0706931284561 ,  1.0 ,  0.184624527156
THIRSTY ,  0.207058882899 ,  0.0662786321009 ,  0.179876834252 ,  0.34466148497 ,  0.498611783693 ,  0.139291219203 ,  0.102252312851 ,  0.119584978415 ,  0.292579888185 ,  0.184624527156 ,  1.0
