WORDS  , AMAZING , APPALLING , ASTONISHING , ASTOUNDING , AVERAGE , AWFUL , BAD , COOL , CRAPPY , DECENT , DESIRABLE , DREADFUL , EXCELLENT , EXTRAORDINARY , FABULOUS , FAIR , FANTASTIC , FINE , GOOD , GREAT , HORRIBLE , IDYLLIC , INCREDIBLE , INFERIOR , LAME , MAGNIFICENT , MEDIOCRE , MISERABLE , NASTY , OKAY , OUTSTANDING , PATHETIC , PITIFUL , POPULAR , ROTTEN , SENSATIONAL , SPLENDID , STUPENDOUS , SUBSTANDARD , SUPER , SUPERB , SUPERLATIVE , SWEET , TERRIBLE , TERRIFIC , TOLERABLE , TREMENDOUS , UNCOOL , UNFORTUNATE , WONDERFUL
AMAZING ,  1.0 ,  0.469373877122 ,  0.590513861285 ,  0.498919419815 ,  0.202356857275 ,  0.401807545437 ,  0.31379283506 ,  0.336752872933 ,  0.216080864241 ,  0.350470095565 ,  0.359232297684 ,  0.39097346915 ,  0.426028277334 ,  0.620497319024 ,  0.491699805545 ,  0.269228380582 ,  0.535827283886 ,  0.292347743259 ,  0.307770036207 ,  0.431177965135 ,  0.484836099403 ,  0.261888547162 ,  0.69961849244 ,  0.250933203545 ,  0.138807816541 ,  0.443234303801 ,  0.266833349109 ,  0.35596733502 ,  0.30688641994 ,  0.223772304044 ,  0.37603051206 ,  0.440461308155 ,  0.365355405243 ,  0.265012050232 ,  0.228464097647 ,  0.329943496504 ,  0.408589917181 ,  0.316448768414 ,  0.157496944684 ,  0.146547777925 ,  0.422271952123 ,  0.28325828274 ,  0.327810657386 ,  0.460252953144 ,  0.528960969387 ,  0.286265451788 ,  0.481233788738 ,  0.261075237193 ,  0.51156162474 ,  0.579995270641
APPALLING ,  0.469373877122 ,  1.0 ,  0.553682627866 ,  0.526128810958 ,  0.0786333269093 ,  0.414685703853 ,  0.295753622605 ,  0.23460966128 ,  0.269011482152 ,  0.307510838355 ,  0.425727177565 ,  0.584315065936 ,  0.31916185787 ,  0.467354047692 ,  0.349623898527 ,  0.250143721744 ,  0.405180235559 ,  0.17099177475 ,  0.197815698849 ,  0.268637842634 ,  0.559738318419 ,  0.369627711811 ,  0.459997475836 ,  0.29885693931 ,  0.270162092909 ,  0.357260124869 ,  0.283623252038 ,  0.505362155603 ,  0.446396943166 ,  0.0629916724252 ,  0.34207246224 ,  0.604975162785 ,  0.506437960023 ,  0.170760632757 ,  0.324396000499 ,  0.428455901088 ,  0.414675527004 ,  0.409620910951 ,  0.281794712801 ,  0.0534908569691 ,  0.345629343112 ,  0.259177643863 ,  0.263387791831 ,  0.496036894081 ,  0.36649544513 ,  0.453933897394 ,  0.366560684284 ,  0.327892463923 ,  0.613792649977 ,  0.352171812391
ASTONISHING ,  0.590513861285 ,  0.553682627866 ,  1.0 ,  0.786864815591 ,  0.12065570416 ,  0.42382269794 ,  0.181989934118 ,  0.210033090571 ,  0.304670147217 ,  0.37276768249 ,  0.369207297069 ,  0.569238106631 ,  0.371472392656 ,  0.632156824888 ,  0.476820906426 ,  0.189409284357 ,  0.53157910718 ,  0.179845410286 ,  0.22408431811 ,  0.349575444851 ,  0.47323599301 ,  0.371683254344 ,  0.625733098241 ,  0.265057953457 ,  0.284448361396 ,  0.502532915757 ,  0.361345309484 ,  0.323839124044 ,  0.371553896263 ,  0.0248017586109 ,  0.413946909947 ,  0.479523480333 ,  0.504857004372 ,  0.241231540636 ,  0.259257068392 ,  0.493054519539 ,  0.568447635272 ,  0.45542373586 ,  0.200207387762 ,  0.189952836761 ,  0.477037183759 ,  0.341007216987 ,  0.33539397752 ,  0.43364968078 ,  0.462546191046 ,  0.375324426465 ,  0.459070600234 ,  0.309594675302 ,  0.455380426204 ,  0.450520835197
ASTOUNDING ,  0.498919419815 ,  0.526128810958 ,  0.786864815591 ,  1.0 ,  0.145973466998 ,  0.390270700357 ,  0.168949671493 ,  0.196227183737 ,  0.280976585314 ,  0.346313025015 ,  0.351748084147 ,  0.539819240533 ,  0.356983349549 ,  0.548362682398 ,  0.445276572758 ,  0.182018482848 ,  0.495394596063 ,  0.135203622254 ,  0.197540530528 ,  0.282865267182 ,  0.423316987325 ,  0.335462087046 ,  0.567757561538 ,  0.30505866886 ,  0.255556186859 ,  0.443539988403 ,  0.391717160091 ,  0.296647068048 ,  0.337172856603 ,  0.0295843912117 ,  0.371211277378 ,  0.461176764368 ,  0.499015267531 ,  0.22066917161 ,  0.227351178256 ,  0.479518213388 ,  0.52080881478 ,  0.441393337517 ,  0.229104181159 ,  0.177305092117 ,  0.447715751414 ,  0.308092692506 ,  0.308513479552 ,  0.388750716343 ,  0.429639853954 ,  0.369564445419 ,  0.432873443627 ,  0.274312243252 ,  0.393493748661 ,  0.3842854796
AVERAGE ,  0.202356857275 ,  0.0786333269093 ,  0.12065570416 ,  0.145973466998 ,  1.0 ,  0.139074141996 ,  0.167871848851 ,  0.168766781266 ,  0.0741172636415 ,  0.277739059401 ,  0.14293679506 ,  0.103660379628 ,  0.15391959873 ,  0.152969166258 ,  0.142666475172 ,  0.170750781913 ,  0.13861957054 ,  0.264882419151 ,  0.200607789866 ,  0.175527159771 ,  0.13718364058 ,  0.0819995151806 ,  0.176893850201 ,  0.112682586561 ,  -0.0045039236707 ,  0.108503746152 ,  0.220342403445 ,  0.168681546123 ,  0.0738703084467 ,  0.23527482936 ,  0.188903041626 ,  0.079102434474 ,  0.0828553907912 ,  0.21746040321 ,  0.0609862275946 ,  0.101392630154 ,  0.0914178674285 ,  0.149192341729 ,  0.0659479058457 ,  0.0933485881295 ,  0.106528628702 ,  0.106678397442 ,  0.100199800286 ,  0.153285234245 ,  0.149591948682 ,  0.0846490910218 ,  0.173443351424 ,  0.0677616030865 ,  0.149547571054 ,  0.177379202935
AWFUL ,  0.401807545437 ,  0.414685703853 ,  0.42382269794 ,  0.390270700357 ,  0.139074141996 ,  1.0 ,  0.330328582018 ,  0.211510698322 ,  0.280278850876 ,  0.411901381454 ,  0.272609189773 ,  0.548462512804 ,  0.368976704036 ,  0.513969424011 ,  0.441063770507 ,  0.201106522194 ,  0.464579533167 ,  0.207212702969 ,  0.316717908639 ,  0.407500543615 ,  0.612009925162 ,  0.324648006782 ,  0.576262895781 ,  0.188057842031 ,  0.280315451259 ,  0.418457381945 ,  0.278390587498 ,  0.425004733702 ,  0.468797833009 ,  0.133934047723 ,  0.323938146762 ,  0.393304232078 ,  0.45709060444 ,  0.217847030789 ,  0.310768792017 ,  0.39852257558 ,  0.414538535628 ,  0.321948297564 ,  0.169499031491 ,  0.291541994899 ,  0.370024510817 ,  0.156849024298 ,  0.322444093867 ,  0.62357816299 ,  0.472709604368 ,  0.263074282962 ,  0.509761966931 ,  0.268845212142 ,  0.420082746738 ,  0.518469320696
BAD ,  0.31379283506 ,  0.295753622605 ,  0.181989934118 ,  0.168949671493 ,  0.167871848851 ,  0.330328582018 ,  1.0 ,  0.306456620066 ,  0.206853108902 ,  0.387150909055 ,  0.309402626289 ,  0.318480711018 ,  0.421638360016 ,  0.308024286702 ,  0.327519323203 ,  0.234991332234 ,  0.364808254966 ,  0.283244897163 ,  0.566667591064 ,  0.414027568352 ,  0.435461321047 ,  0.173631377416 ,  0.325309008488 ,  0.230409139604 ,  0.148311669793 ,  0.216191898632 ,  0.299697614563 ,  0.3634240676 ,  0.378684664487 ,  0.222466304275 ,  0.304530477405 ,  0.258691261407 ,  0.198113734217 ,  0.296019693058 ,  0.328662973494 ,  0.257909313377 ,  0.253500382013 ,  0.191839252956 ,  0.191828624534 ,  0.128625179693 ,  0.288258433002 ,  0.165728238539 ,  0.282662205811 ,  0.521444400142 ,  0.417216440268 ,  0.238847429622 ,  0.331984133491 ,  0.164001715982 ,  0.39544558022 ,  0.422275311735
COOL ,  0.336752872933 ,  0.23460966128 ,  0.210033090571 ,  0.196227183737 ,  0.168766781266 ,  0.211510698322 ,  0.306456620066 ,  1.0 ,  0.17559166259 ,  0.282542847479 ,  0.248778112135 ,  0.25469580463 ,  0.283374298786 ,  0.230196338489 ,  0.311278821457 ,  0.245341661791 ,  0.310207954902 ,  0.272527661128 ,  0.289031602682 ,  0.257477009019 ,  0.267886129364 ,  0.223135224021 ,  0.280650642925 ,  0.22020566556 ,  0.155868895184 ,  0.246671534235 ,  0.262102056002 ,  0.330812989931 ,  0.350360298128 ,  0.212157219299 ,  0.198021685432 ,  0.29303674565 ,  0.225562338717 ,  0.211935127853 ,  0.253378061759 ,  0.187594419296 ,  0.266652947126 ,  0.140348130216 ,  0.165539733417 ,  0.123393153911 ,  0.233005775206 ,  0.178913058626 ,  0.294641049977 ,  0.278578196027 ,  0.334606295455 ,  0.185468086825 ,  0.227566623703 ,  0.197201209606 ,  0.258407911381 ,  0.343857718762
CRAPPY ,  0.216080864241 ,  0.269011482152 ,  0.304670147217 ,  0.280976585314 ,  0.0741172636415 ,  0.280278850876 ,  0.206853108902 ,  0.17559166259 ,  1.0 ,  0.330015395181 ,  0.317298660705 ,  0.442091504289 ,  0.307276606031 ,  0.311097071009 ,  0.414736193671 ,  0.0864826985289 ,  0.376033392193 ,  0.141074635546 ,  0.176884240629 ,  0.235595825285 ,  0.320303060476 ,  0.440222508753 ,  0.313652713305 ,  0.291719257373 ,  0.277195583636 ,  0.396269676885 ,  0.402956696138 ,  0.290873862474 ,  0.305069370929 ,  0.0104778065694 ,  0.300280939511 ,  0.337251400586 ,  0.418151737806 ,  0.228769693854 ,  0.362047579752 ,  0.336455136533 ,  0.478495564192 ,  0.460355142513 ,  0.32088045759 ,  0.2065003226 ,  0.383401517225 ,  0.367886661864 ,  0.231330097069 ,  0.292535983874 ,  0.34924921305 ,  0.331198657524 ,  0.269474449514 ,  0.389086400873 ,  0.208248223427 ,  0.325124845678
DECENT ,  0.350470095565 ,  0.307510838355 ,  0.37276768249 ,  0.346313025015 ,  0.277739059401 ,  0.411901381454 ,  0.387150909055 ,  0.282542847479 ,  0.330015395181 ,  1.0 ,  0.379188195337 ,  0.4636015098 ,  0.586031261607 ,  0.490521101554 ,  0.555581616411 ,  0.317972607503 ,  0.528393229443 ,  0.287443432237 ,  0.460748089633 ,  0.434354639719 ,  0.464048911361 ,  0.327856312043 ,  0.477651775756 ,  0.384733709321 ,  0.256694623595 ,  0.473327803876 ,  0.499965215621 ,  0.421813724056 ,  0.404106363244 ,  0.176848584192 ,  0.481153203847 ,  0.343080984281 ,  0.359942772351 ,  0.328316212226 ,  0.37085306532 ,  0.357989280211 ,  0.475788617193 ,  0.319171733326 ,  0.35607615685 ,  0.260286639857 ,  0.540383301255 ,  0.268463230791 ,  0.34733129577 ,  0.491524289309 ,  0.57445372844 ,  0.32467649463 ,  0.464449938928 ,  0.249143007807 ,  0.320888313189 ,  0.556592283642
DESIRABLE ,  0.359232297684 ,  0.425727177565 ,  0.369207297069 ,  0.351748084147 ,  0.14293679506 ,  0.272609189773 ,  0.309402626289 ,  0.248778112135 ,  0.317298660705 ,  0.379188195337 ,  1.0 ,  0.404864426804 ,  0.386359794874 ,  0.35645481355 ,  0.429873739407 ,  0.253355327275 ,  0.430094434153 ,  0.244268786111 ,  0.25478990498 ,  0.270168734071 ,  0.315993420045 ,  0.31887367 ,  0.343949114409 ,  0.455905479263 ,  0.228857994723 ,  0.363054717614 ,  0.425603209627 ,  0.354496777739 ,  0.256664041072 ,  0.149944226126 ,  0.367766417096 ,  0.395519643296 ,  0.326103205996 ,  0.263039873306 ,  0.376342794235 ,  0.223752486352 ,  0.422408231206 ,  0.367571039329 ,  0.37676863606 ,  0.167503416805 ,  0.388950239232 ,  0.334090525184 ,  0.204624185069 ,  0.30938022695 ,  0.403504421674 ,  0.475163664732 ,  0.29542389453 ,  0.346458589553 ,  0.425604944077 ,  0.369171964759
DREADFUL ,  0.39097346915 ,  0.584315065936 ,  0.569238106631 ,  0.539819240533 ,  0.103660379628 ,  0.548462512804 ,  0.318480711018 ,  0.25469580463 ,  0.442091504289 ,  0.4636015098 ,  0.404864426804 ,  1.0 ,  0.409362029888 ,  0.517552647357 ,  0.540452243473 ,  0.16444423756 ,  0.574579073955 ,  0.195632915554 ,  0.266188767559 ,  0.36071535712 ,  0.652344214876 ,  0.496594823147 ,  0.542516627614 ,  0.299960105163 ,  0.405163058743 ,  0.541022562433 ,  0.439554021591 ,  0.533756664073 ,  0.555239275509 ,  0.0535884490455 ,  0.418764813276 ,  0.538906830177 ,  0.617384488884 ,  0.26972542655 ,  0.410905366616 ,  0.577056541963 ,  0.59012479747 ,  0.473169206013 ,  0.264587373942 ,  0.224288650453 ,  0.479266542165 ,  0.34439268522 ,  0.381171403519 ,  0.61814251897 ,  0.522159698011 ,  0.424851939238 ,  0.48239845589 ,  0.393715974837 ,  0.466423634968 ,  0.469222797284
EXCELLENT ,  0.426028277334 ,  0.31916185787 ,  0.371472392656 ,  0.356983349549 ,  0.15391959873 ,  0.368976704036 ,  0.421638360016 ,  0.283374298786 ,  0.307276606031 ,  0.586031261607 ,  0.386359794874 ,  0.409362029888 ,  1.0 ,  0.538758374204 ,  0.638077991466 ,  0.324099291128 ,  0.629879714428 ,  0.335855522043 ,  0.527827535752 ,  0.512591726527 ,  0.439501096861 ,  0.223237604805 ,  0.540606185639 ,  0.343605462304 ,  0.212721739962 ,  0.492955107423 ,  0.434184441471 ,  0.313784838226 ,  0.330197544527 ,  0.234753965933 ,  0.598092011605 ,  0.317034925601 ,  0.298576077365 ,  0.356513887857 ,  0.270370933417 ,  0.344214450812 ,  0.523675067963 ,  0.317912799195 ,  0.305307134881 ,  0.243251052816 ,  0.682838683467 ,  0.306262919064 ,  0.279529997442 ,  0.498001110958 ,  0.758026987281 ,  0.278224156372 ,  0.525916381573 ,  0.231025344423 ,  0.330830958047 ,  0.640134191914
EXTRAORDINARY ,  0.620497319024 ,  0.467354047692 ,  0.632156824888 ,  0.548362682398 ,  0.152969166258 ,  0.513969424011 ,  0.308024286702 ,  0.230196338489 ,  0.311097071009 ,  0.490521101554 ,  0.35645481355 ,  0.517552647357 ,  0.538758374204 ,  1.0 ,  0.563102200788 ,  0.248401791527 ,  0.603747583943 ,  0.242569018193 ,  0.351096017137 ,  0.525070464829 ,  0.547377502562 ,  0.357018361226 ,  0.749070140418 ,  0.255172425248 ,  0.23140968813 ,  0.55350906859 ,  0.329387919784 ,  0.352017238435 ,  0.389991093597 ,  0.150033716615 ,  0.510210905601 ,  0.425015232785 ,  0.416965081079 ,  0.326747567632 ,  0.284071868771 ,  0.452510490525 ,  0.545209104457 ,  0.409910633682 ,  0.24307975741 ,  0.239135722251 ,  0.561663992396 ,  0.298929732112 ,  0.323976442938 ,  0.571000227933 ,  0.607099207365 ,  0.354313538531 ,  0.653538477264 ,  0.284507074283 ,  0.46461384287 ,  0.629744491538
FABULOUS ,  0.491699805545 ,  0.349623898527 ,  0.476820906426 ,  0.445276572758 ,  0.142666475172 ,  0.441063770507 ,  0.327519323203 ,  0.311278821457 ,  0.414736193671 ,  0.555581616411 ,  0.429873739407 ,  0.540452243473 ,  0.638077991466 ,  0.563102200788 ,  1.0 ,  0.249157096879 ,  0.720753950462 ,  0.312308733155 ,  0.400815533749 ,  0.491118087008 ,  0.504184070034 ,  0.408441450573 ,  0.58415643633 ,  0.341216178392 ,  0.311601784246 ,  0.642710231792 ,  0.459747096846 ,  0.385092463892 ,  0.430306643215 ,  0.200548028593 ,  0.529047027387 ,  0.42387505943 ,  0.434962699362 ,  0.385304426678 ,  0.381117461123 ,  0.442609888042 ,  0.643274730062 ,  0.381981211259 ,  0.299058660983 ,  0.300889406169 ,  0.656254548371 ,  0.35683073578 ,  0.419567731247 ,  0.503658611394 ,  0.724756639122 ,  0.327059536827 ,  0.514274984055 ,  0.323051631105 ,  0.330401816636 ,  0.652398585117
FAIR ,  0.269228380582 ,  0.250143721744 ,  0.189409284357 ,  0.182018482848 ,  0.170750781913 ,  0.201106522194 ,  0.234991332234 ,  0.245341661791 ,  0.0864826985289 ,  0.317972607503 ,  0.253355327275 ,  0.16444423756 ,  0.324099291128 ,  0.248401791527 ,  0.249157096879 ,  1.0 ,  0.252461294346 ,  0.244890627546 ,  0.28845579929 ,  0.25840620117 ,  0.229103741147 ,  0.0956355672556 ,  0.262301214508 ,  0.181664585189 ,  0.072728345392 ,  0.167345124666 ,  0.199927309938 ,  0.197538404385 ,  0.18212474242 ,  0.22219633302 ,  0.241028063019 ,  0.212007158756 ,  0.102301429712 ,  0.210217075926 ,  0.129342749578 ,  0.177909923911 ,  0.172917576649 ,  0.168509844794 ,  0.145021379956 ,  0.0589287015411 ,  0.207916567219 ,  0.13005950956 ,  0.138230455103 ,  0.251767929995 ,  0.288484351023 ,  0.16524711254 ,  0.251516956303 ,  0.116086216926 ,  0.267281303003 ,  0.281624654233
FANTASTIC ,  0.535827283886 ,  0.405180235559 ,  0.53157910718 ,  0.495394596063 ,  0.13861957054 ,  0.464579533167 ,  0.364808254966 ,  0.310207954902 ,  0.376033392193 ,  0.528393229443 ,  0.430094434153 ,  0.574579073955 ,  0.629879714428 ,  0.603747583943 ,  0.720753950462 ,  0.252461294346 ,  1.0 ,  0.328239261728 ,  0.40781563061 ,  0.516551945958 ,  0.560285431982 ,  0.366855120941 ,  0.658628991299 ,  0.344451927244 ,  0.283580636207 ,  0.636130779203 ,  0.439259417006 ,  0.410378351368 ,  0.405978566781 ,  0.235124467049 ,  0.52838056915 ,  0.433662956754 ,  0.445375586596 ,  0.328799577692 ,  0.356708138572 ,  0.443660232691 ,  0.592427231662 ,  0.414355509619 ,  0.28974569911 ,  0.280707509876 ,  0.660514426249 ,  0.344025992079 ,  0.380765018959 ,  0.54417544393 ,  0.735171326411 ,  0.34332815292 ,  0.572423458479 ,  0.31781567731 ,  0.363668839175 ,  0.662717213271
FINE ,  0.292347743259 ,  0.17099177475 ,  0.179845410286 ,  0.135203622254 ,  0.264882419151 ,  0.207212702969 ,  0.283244897163 ,  0.272527661128 ,  0.141074635546 ,  0.287443432237 ,  0.244268786111 ,  0.195632915554 ,  0.335855522043 ,  0.242569018193 ,  0.312308733155 ,  0.244890627546 ,  0.328239261728 ,  1.0 ,  0.328024120796 ,  0.331340544166 ,  0.243960569758 ,  0.0993103825873 ,  0.262980055627 ,  0.177402787717 ,  0.0821187088029 ,  0.254548845295 ,  0.204493844135 ,  0.21408957122 ,  0.181230284947 ,  0.361029695379 ,  0.273327319147 ,  0.221305312939 ,  0.157819186329 ,  0.234512297999 ,  0.176990902341 ,  0.157333078202 ,  0.251633817728 ,  0.157067617491 ,  0.139510744396 ,  0.111823421978 ,  0.286058761761 ,  0.165812222909 ,  0.194105691819 ,  0.252939042387 ,  0.357230680643 ,  0.144498538017 ,  0.24184712384 ,  0.146562817849 ,  0.22242077177 ,  0.362588355486
GOOD ,  0.307770036207 ,  0.197815698849 ,  0.22408431811 ,  0.197540530528 ,  0.200607789866 ,  0.316717908639 ,  0.566667591064 ,  0.289031602682 ,  0.176884240629 ,  0.460748089633 ,  0.25478990498 ,  0.266188767559 ,  0.527827535752 ,  0.351096017137 ,  0.400815533749 ,  0.28845579929 ,  0.40781563061 ,  0.328024120796 ,  1.0 ,  0.570384509135 ,  0.352482586703 ,  0.140672540654 ,  0.359265062187 ,  0.197185114225 ,  0.131906107142 ,  0.273643152136 ,  0.275793387875 ,  0.235125078675 ,  0.265760947741 ,  0.285005473745 ,  0.361474246768 ,  0.215171019489 ,  0.178459601055 ,  0.261744578432 ,  0.192141097178 ,  0.220332616 ,  0.300766910313 ,  0.182148309275 ,  0.151214105755 ,  0.157758599569 ,  0.355883278007 ,  0.159709432332 ,  0.261468075358 ,  0.425868554427 ,  0.502505513398 ,  0.190302565672 ,  0.359202395288 ,  0.135116266236 ,  0.28593806389 ,  0.523899034013
GREAT ,  0.431177965135 ,  0.268637842634 ,  0.349575444851 ,  0.282865267182 ,  0.175527159771 ,  0.407500543615 ,  0.414027568352 ,  0.257477009019 ,  0.235595825285 ,  0.434354639719 ,  0.270168734071 ,  0.36071535712 ,  0.512591726527 ,  0.525070464829 ,  0.491118087008 ,  0.25840620117 ,  0.516551945958 ,  0.331340544166 ,  0.570384509135 ,  1.0 ,  0.422880821907 ,  0.219649020409 ,  0.54463334097 ,  0.182480057525 ,  0.180366566933 ,  0.416938117627 ,  0.25655392787 ,  0.261295872837 ,  0.317560941514 ,  0.212522599735 ,  0.388047634338 ,  0.272153512859 ,  0.279499425391 ,  0.315640210928 ,  0.217599370776 ,  0.281914575859 ,  0.415142544882 ,  0.255295768528 ,  0.133952713316 ,  0.236375602643 ,  0.420841095973 ,  0.178328100967 ,  0.324000665485 ,  0.513165912046 ,  0.593096388643 ,  0.242618173704 ,  0.553366240551 ,  0.195019574705 ,  0.323544781281 ,  0.646054380805
HORRIBLE ,  0.484836099403 ,  0.559738318419 ,  0.47323599301 ,  0.423316987325 ,  0.13718364058 ,  0.612009925162 ,  0.435461321047 ,  0.267886129364 ,  0.320303060476 ,  0.464048911361 ,  0.315993420045 ,  0.652344214876 ,  0.439501096861 ,  0.547377502562 ,  0.504184070034 ,  0.229103741147 ,  0.560285431982 ,  0.243960569758 ,  0.352482586703 ,  0.422880821907 ,  1.0 ,  0.397298349188 ,  0.62302060917 ,  0.234477705269 ,  0.277233452286 ,  0.453545727833 ,  0.294127182132 ,  0.518058994427 ,  0.574470309978 ,  0.170686568886 ,  0.383533979091 ,  0.440818095644 ,  0.487891211878 ,  0.289044944648 ,  0.360653174341 ,  0.504941870369 ,  0.46331318084 ,  0.363011156754 ,  0.2213556769 ,  0.174748578516 ,  0.399935769825 ,  0.209212665567 ,  0.367909812521 ,  0.782691734091 ,  0.527990547312 ,  0.332699079797 ,  0.540794726955 ,  0.281908917992 ,  0.510496377279 ,  0.575453996208
IDYLLIC ,  0.261888547162 ,  0.369627711811 ,  0.371683254344 ,  0.335462087046 ,  0.0819995151806 ,  0.324648006782 ,  0.173631377416 ,  0.223135224021 ,  0.440222508753 ,  0.327856312043 ,  0.31887367 ,  0.496594823147 ,  0.223237604805 ,  0.357018361226 ,  0.408441450573 ,  0.0956355672556 ,  0.366855120941 ,  0.0993103825873 ,  0.140672540654 ,  0.219649020409 ,  0.397298349188 ,  1.0 ,  0.339237755095 ,  0.227666891761 ,  0.278631265687 ,  0.49345775631 ,  0.311538723639 ,  0.430760930594 ,  0.378455315786 ,  -0.0251300447439 ,  0.199073192118 ,  0.332462945464 ,  0.513219851979 ,  0.250367276172 ,  0.362845196826 ,  0.364763387874 ,  0.557525892936 ,  0.410578758894 ,  0.348781007186 ,  0.111518525376 ,  0.35332099835 ,  0.251725599714 ,  0.300091654073 ,  0.339638942353 ,  0.277380661732 ,  0.373582827646 ,  0.267628612615 ,  0.371018958202 ,  0.283527085801 ,  0.318895220425
INCREDIBLE ,  0.69961849244 ,  0.459997475836 ,  0.625733098241 ,  0.567757561538 ,  0.176893850201 ,  0.576262895781 ,  0.325309008488 ,  0.280650642925 ,  0.313652713305 ,  0.477651775756 ,  0.343949114409 ,  0.542516627614 ,  0.540606185639 ,  0.749070140418 ,  0.58415643633 ,  0.262301214508 ,  0.658628991299 ,  0.262980055627 ,  0.359265062187 ,  0.54463334097 ,  0.62302060917 ,  0.339237755095 ,  1.0 ,  0.264477880148 ,  0.252155690469 ,  0.561612712027 ,  0.330282786757 ,  0.380403068511 ,  0.420369722549 ,  0.203670749021 ,  0.462872540938 ,  0.452322053674 ,  0.469084850842 ,  0.284297577276 ,  0.285856404964 ,  0.446324623309 ,  0.539911019018 ,  0.402228073003 ,  0.211413412351 ,  0.255544112892 ,  0.53917115117 ,  0.281335895861 ,  0.366387182638 ,  0.633575109508 ,  0.637510026153 ,  0.361249266688 ,  0.724653909619 ,  0.291456436127 ,  0.432597645714 ,  0.670615916833
INFERIOR ,  0.250933203545 ,  0.29885693931 ,  0.265057953457 ,  0.30505866886 ,  0.112682586561 ,  0.188057842031 ,  0.230409139604 ,  0.22020566556 ,  0.291719257373 ,  0.384733709321 ,  0.455905479263 ,  0.299960105163 ,  0.343605462304 ,  0.255172425248 ,  0.341216178392 ,  0.181664585189 ,  0.344451927244 ,  0.177402787717 ,  0.197185114225 ,  0.182480057525 ,  0.234477705269 ,  0.227666891761 ,  0.264477880148 ,  1.0 ,  0.150278869366 ,  0.295277620539 ,  0.487985801691 ,  0.251489824357 ,  0.170948828375 ,  0.0488525452257 ,  0.339127426287 ,  0.296372342408 ,  0.272382734395 ,  0.23860333839 ,  0.41706353531 ,  0.221774438638 ,  0.33040921923 ,  0.319646401813 ,  0.504294929436 ,  0.11636336111 ,  0.387459110216 ,  0.329695139284 ,  0.157384953846 ,  0.214637410894 ,  0.306473407123 ,  0.388812720872 ,  0.222251730779 ,  0.271842482053 ,  0.221627831358 ,  0.270246944431
LAME ,  0.138807816541 ,  0.270162092909 ,  0.284448361396 ,  0.255556186859 ,  -0.0045039236707 ,  0.280315451259 ,  0.148311669793 ,  0.155868895184 ,  0.277195583636 ,  0.256694623595 ,  0.228857994723 ,  0.405163058743 ,  0.212721739962 ,  0.23140968813 ,  0.311601784246 ,  0.072728345392 ,  0.283580636207 ,  0.0821187088029 ,  0.131906107142 ,  0.180366566933 ,  0.277233452286 ,  0.278631265687 ,  0.252155690469 ,  0.150278869366 ,  1.0 ,  0.331333066105 ,  0.218365748626 ,  0.23245600453 ,  0.34099108368 ,  0.0182725305619 ,  0.196950250366 ,  0.347770944694 ,  0.340198261403 ,  0.16495664064 ,  0.297044653491 ,  0.307785843663 ,  0.383499782285 ,  0.283708687436 ,  0.123818959432 ,  0.258489567845 ,  0.320725912961 ,  0.238248545409 ,  0.254344203159 ,  0.284502082253 ,  0.248974715339 ,  0.229130400822 ,  0.252014932165 ,  0.321386176142 ,  0.212328429343 ,  0.214667877616
MAGNIFICENT ,  0.443234303801 ,  0.357260124869 ,  0.502532915757 ,  0.443539988403 ,  0.108503746152 ,  0.418457381945 ,  0.216191898632 ,  0.246671534235 ,  0.396269676885 ,  0.473327803876 ,  0.363054717614 ,  0.541022562433 ,  0.492955107423 ,  0.55350906859 ,  0.642710231792 ,  0.167345124666 ,  0.636130779203 ,  0.254548845295 ,  0.273643152136 ,  0.416938117627 ,  0.453545727833 ,  0.49345775631 ,  0.561612712027 ,  0.295277620539 ,  0.331333066105 ,  1.0 ,  0.397802529097 ,  0.365123265752 ,  0.371529847332 ,  0.0939544139989 ,  0.418675793166 ,  0.440370676293 ,  0.51850793524 ,  0.284996431047 ,  0.37139021543 ,  0.410166321325 ,  0.689025939457 ,  0.428828662409 ,  0.312825919594 ,  0.291264277719 ,  0.617250545228 ,  0.370946220664 ,  0.377662162971 ,  0.453906293002 ,  0.544513511435 ,  0.337140963241 ,  0.475757683656 ,  0.333455607318 ,  0.305172226275 ,  0.549249865486
MEDIOCRE ,  0.266833349109 ,  0.283623252038 ,  0.361345309484 ,  0.391717160091 ,  0.220342403445 ,  0.278390587498 ,  0.299697614563 ,  0.262102056002 ,  0.402956696138 ,  0.499965215621 ,  0.425603209627 ,  0.439554021591 ,  0.434184441471 ,  0.329387919784 ,  0.459747096846 ,  0.199927309938 ,  0.439259417006 ,  0.204493844135 ,  0.275793387875 ,  0.25655392787 ,  0.294127182132 ,  0.311538723639 ,  0.330282786757 ,  0.487985801691 ,  0.218365748626 ,  0.397802529097 ,  1.0 ,  0.41401967348 ,  0.278766703276 ,  0.0414975508681 ,  0.42411185103 ,  0.341988600494 ,  0.37630837916 ,  0.276369056214 ,  0.448259756699 ,  0.388190131039 ,  0.495419877481 ,  0.396385736819 ,  0.424860711684 ,  0.191988756888 ,  0.507657168085 ,  0.385343853205 ,  0.228920246521 ,  0.301726242717 ,  0.440032215763 ,  0.399592800597 ,  0.272847610691 ,  0.315882910107 ,  0.246016752711 ,  0.336310390307
MISERABLE ,  0.35596733502 ,  0.505362155603 ,  0.323839124044 ,  0.296647068048 ,  0.168681546123 ,  0.425004733702 ,  0.3634240676 ,  0.330812989931 ,  0.290873862474 ,  0.421813724056 ,  0.354496777739 ,  0.533756664073 ,  0.313784838226 ,  0.352017238435 ,  0.385092463892 ,  0.197538404385 ,  0.410378351368 ,  0.21408957122 ,  0.235125078675 ,  0.261295872837 ,  0.518058994427 ,  0.430760930594 ,  0.380403068511 ,  0.251489824357 ,  0.23245600453 ,  0.365123265752 ,  0.41401967348 ,  1.0 ,  0.456410557386 ,  0.114236938053 ,  0.338537172362 ,  0.437847469216 ,  0.474115004733 ,  0.208140366575 ,  0.434771626695 ,  0.351920742435 ,  0.395009178586 ,  0.34584819914 ,  0.321722470092 ,  0.0975524775647 ,  0.347478154454 ,  0.257943160693 ,  0.278869593649 ,  0.496408067735 ,  0.388697121426 ,  0.367808022795 ,  0.315673927219 ,  0.300462612578 ,  0.378990155076 ,  0.367865995059
NASTY ,  0.30688641994 ,  0.446396943166 ,  0.371553896263 ,  0.337172856603 ,  0.0738703084467 ,  0.468797833009 ,  0.378684664487 ,  0.350360298128 ,  0.305069370929 ,  0.404106363244 ,  0.256664041072 ,  0.555239275509 ,  0.330197544527 ,  0.389991093597 ,  0.430306643215 ,  0.18212474242 ,  0.405978566781 ,  0.181230284947 ,  0.265760947741 ,  0.317560941514 ,  0.574470309978 ,  0.378455315786 ,  0.420369722549 ,  0.170948828375 ,  0.34099108368 ,  0.371529847332 ,  0.278766703276 ,  0.456410557386 ,  1.0 ,  0.0925886358092 ,  0.304231764721 ,  0.423892568219 ,  0.446065159053 ,  0.275527868637 ,  0.391912104738 ,  0.44514699318 ,  0.440918854233 ,  0.318234705118 ,  0.145711241546 ,  0.208022181337 ,  0.371972356813 ,  0.197276699419 ,  0.413246792734 ,  0.522709395698 ,  0.413950214718 ,  0.275075104877 ,  0.376932042713 ,  0.277964618066 ,  0.355289692336 ,  0.415795451207
OKAY ,  0.223772304044 ,  0.0629916724252 ,  0.0248017586109 ,  0.0295843912117 ,  0.23527482936 ,  0.133934047723 ,  0.222466304275 ,  0.212157219299 ,  0.0104778065694 ,  0.176848584192 ,  0.149944226126 ,  0.0535884490455 ,  0.234753965933 ,  0.150033716615 ,  0.200548028593 ,  0.22219633302 ,  0.235124467049 ,  0.361029695379 ,  0.285005473745 ,  0.212522599735 ,  0.170686568886 ,  -0.0251300447439 ,  0.203670749021 ,  0.0488525452257 ,  0.0182725305619 ,  0.0939544139989 ,  0.0414975508681 ,  0.114236938053 ,  0.0925886358092 ,  1.0 ,  0.177219201194 ,  0.108100450932 ,  0.0165157516418 ,  0.170697034006 ,  0.00391985651234 ,  0.0647775890577 ,  0.0522097679244 ,  -0.0393975089731 ,  -0.00662561860168 ,  0.0875885342681 ,  0.102182930418 ,  -0.020464124661 ,  0.0793645758015 ,  0.177223865913 ,  0.252297883423 ,  0.0406642927794 ,  0.20719399117 ,  0.0727472343206 ,  0.14893032204 ,  0.265522336802
OUTSTANDING ,  0.37603051206 ,  0.34207246224 ,  0.413946909947 ,  0.371211277378 ,  0.188903041626 ,  0.323938146762 ,  0.304530477405 ,  0.198021685432 ,  0.300280939511 ,  0.481153203847 ,  0.367766417096 ,  0.418764813276 ,  0.598092011605 ,  0.510210905601 ,  0.529047027387 ,  0.241028063019 ,  0.52838056915 ,  0.273327319147 ,  0.361474246768 ,  0.388047634338 ,  0.383533979091 ,  0.199073192118 ,  0.462872540938 ,  0.339127426287 ,  0.196950250366 ,  0.418675793166 ,  0.42411185103 ,  0.338537172362 ,  0.304231764721 ,  0.177219201194 ,  1.0 ,  0.330358220178 ,  0.299117404291 ,  0.364763598791 ,  0.281386376809 ,  0.397560743282 ,  0.465349688587 ,  0.321404555692 ,  0.247715205708 ,  0.234001367551 ,  0.616979472188 ,  0.312766377282 ,  0.266858246406 ,  0.388331507705 ,  0.604959845137 ,  0.303919810243 ,  0.446072857265 ,  0.21030707634 ,  0.296548273821 ,  0.474615039424
PATHETIC ,  0.440461308155 ,  0.604975162785 ,  0.479523480333 ,  0.461176764368 ,  0.079102434474 ,  0.393304232078 ,  0.258691261407 ,  0.29303674565 ,  0.337251400586 ,  0.343080984281 ,  0.395519643296 ,  0.538906830177 ,  0.317034925601 ,  0.425015232785 ,  0.42387505943 ,  0.212007158756 ,  0.433662956754 ,  0.221305312939 ,  0.215171019489 ,  0.272153512859 ,  0.440818095644 ,  0.332462945464 ,  0.452322053674 ,  0.296372342408 ,  0.347770944694 ,  0.440370676293 ,  0.341988600494 ,  0.437847469216 ,  0.423892568219 ,  0.108100450932 ,  0.330358220178 ,  1.0 ,  0.592584008263 ,  0.166012090158 ,  0.365576468849 ,  0.401938872433 ,  0.460096552129 ,  0.420348685726 ,  0.280109290421 ,  0.172049991423 ,  0.390511329585 ,  0.344060271323 ,  0.320361570873 ,  0.417306542738 ,  0.396678394118 ,  0.38963626787 ,  0.371565067844 ,  0.423619226736 ,  0.47948075415 ,  0.378133760319
PITIFUL ,  0.365355405243 ,  0.506437960023 ,  0.504857004372 ,  0.499015267531 ,  0.0828553907912 ,  0.45709060444 ,  0.198113734217 ,  0.225562338717 ,  0.418151737806 ,  0.359942772351 ,  0.326103205996 ,  0.617384488884 ,  0.298576077365 ,  0.416965081079 ,  0.434962699362 ,  0.102301429712 ,  0.445375586596 ,  0.157819186329 ,  0.178459601055 ,  0.279499425391 ,  0.487891211878 ,  0.513219851979 ,  0.469084850842 ,  0.272382734395 ,  0.340198261403 ,  0.51850793524 ,  0.37630837916 ,  0.474115004733 ,  0.446065159053 ,  0.0165157516418 ,  0.299117404291 ,  0.592584008263 ,  1.0 ,  0.202093300163 ,  0.368291755876 ,  0.410026496617 ,  0.539666606781 ,  0.474767199233 ,  0.307795552197 ,  0.180265193678 ,  0.415674392788 ,  0.317931910539 ,  0.344078390374 ,  0.441317890868 ,  0.379468743361 ,  0.433713760947 ,  0.390188876922 ,  0.425773008051 ,  0.378729988087 ,  0.392238119207
POPULAR ,  0.265012050232 ,  0.170760632757 ,  0.241231540636 ,  0.22066917161 ,  0.21746040321 ,  0.217847030789 ,  0.296019693058 ,  0.211935127853 ,  0.228769693854 ,  0.328316212226 ,  0.263039873306 ,  0.26972542655 ,  0.356513887857 ,  0.326747567632 ,  0.385304426678 ,  0.210217075926 ,  0.328799577692 ,  0.234512297999 ,  0.261744578432 ,  0.315640210928 ,  0.289044944648 ,  0.250367276172 ,  0.284297577276 ,  0.23860333839 ,  0.16495664064 ,  0.284996431047 ,  0.276369056214 ,  0.208140366575 ,  0.275527868637 ,  0.170697034006 ,  0.364763598791 ,  0.166012090158 ,  0.202093300163 ,  1.0 ,  0.205736026905 ,  0.297415249536 ,  0.332419747576 ,  0.224438784602 ,  0.161262595158 ,  0.185108968643 ,  0.33892087925 ,  0.187016346289 ,  0.275682099222 ,  0.290387821056 ,  0.399306205454 ,  0.208564088468 ,  0.304836251543 ,  0.144361579668 ,  0.213293408896 ,  0.393313992594
ROTTEN ,  0.228464097647 ,  0.324396000499 ,  0.259257068392 ,  0.227351178256 ,  0.0609862275946 ,  0.310768792017 ,  0.328662973494 ,  0.253378061759 ,  0.362047579752 ,  0.37085306532 ,  0.376342794235 ,  0.410905366616 ,  0.270370933417 ,  0.284071868771 ,  0.381117461123 ,  0.129342749578 ,  0.356708138572 ,  0.176990902341 ,  0.192141097178 ,  0.217599370776 ,  0.360653174341 ,  0.362845196826 ,  0.285856404964 ,  0.41706353531 ,  0.297044653491 ,  0.37139021543 ,  0.448259756699 ,  0.434771626695 ,  0.391912104738 ,  0.00391985651234 ,  0.281386376809 ,  0.365576468849 ,  0.368291755876 ,  0.205736026905 ,  1.0 ,  0.243645418886 ,  0.396691049613 ,  0.317295911273 ,  0.344735855904 ,  0.198256106568 ,  0.38540207218 ,  0.259654843141 ,  0.309216718306 ,  0.338272260363 ,  0.334652847521 ,  0.355181811519 ,  0.237845910268 ,  0.353777763668 ,  0.24489916081 ,  0.298851035634
SENSATIONAL ,  0.329943496504 ,  0.428455901088 ,  0.493054519539 ,  0.479518213388 ,  0.101392630154 ,  0.39852257558 ,  0.257909313377 ,  0.187594419296 ,  0.336455136533 ,  0.357989280211 ,  0.223752486352 ,  0.577056541963 ,  0.344214450812 ,  0.452510490525 ,  0.442609888042 ,  0.177909923911 ,  0.443660232691 ,  0.157333078202 ,  0.220332616 ,  0.281914575859 ,  0.504941870369 ,  0.364763387874 ,  0.446324623309 ,  0.221774438638 ,  0.307785843663 ,  0.410166321325 ,  0.388190131039 ,  0.351920742435 ,  0.44514699318 ,  0.0647775890577 ,  0.397560743282 ,  0.401938872433 ,  0.410026496617 ,  0.297415249536 ,  0.243645418886 ,  1.0 ,  0.513275101456 ,  0.401262902668 ,  0.178053021919 ,  0.19038067645 ,  0.444818286651 ,  0.314957661739 ,  0.277376579601 ,  0.422037653379 ,  0.426615597626 ,  0.282916642781 ,  0.350444680906 ,  0.243461679254 ,  0.35098312912 ,  0.350904792858
SPLENDID ,  0.408589917181 ,  0.414675527004 ,  0.568447635272 ,  0.52080881478 ,  0.0914178674285 ,  0.414538535628 ,  0.253500382013 ,  0.266652947126 ,  0.478495564192 ,  0.475788617193 ,  0.422408231206 ,  0.59012479747 ,  0.523675067963 ,  0.545209104457 ,  0.643274730062 ,  0.172917576649 ,  0.592427231662 ,  0.251633817728 ,  0.300766910313 ,  0.415142544882 ,  0.46331318084 ,  0.557525892936 ,  0.539911019018 ,  0.33040921923 ,  0.383499782285 ,  0.689025939457 ,  0.495419877481 ,  0.395009178586 ,  0.440918854233 ,  0.0522097679244 ,  0.465349688587 ,  0.460096552129 ,  0.539666606781 ,  0.332419747576 ,  0.396691049613 ,  0.513275101456 ,  1.0 ,  0.497673950251 ,  0.336643427393 ,  0.255002330967 ,  0.642569526739 ,  0.443306063338 ,  0.382119792829 ,  0.447108853828 ,  0.571017921272 ,  0.389810647606 ,  0.455137464584 ,  0.401311472799 ,  0.336982149233 ,  0.529305102559
STUPENDOUS ,  0.316448768414 ,  0.409620910951 ,  0.45542373586 ,  0.441393337517 ,  0.149192341729 ,  0.321948297564 ,  0.191839252956 ,  0.140348130216 ,  0.460355142513 ,  0.319171733326 ,  0.367571039329 ,  0.473169206013 ,  0.317912799195 ,  0.409910633682 ,  0.381981211259 ,  0.168509844794 ,  0.414355509619 ,  0.157067617491 ,  0.182148309275 ,  0.255295768528 ,  0.363011156754 ,  0.410578758894 ,  0.402228073003 ,  0.319646401813 ,  0.283708687436 ,  0.428828662409 ,  0.396385736819 ,  0.34584819914 ,  0.318234705118 ,  -0.0393975089731 ,  0.321404555692 ,  0.420348685726 ,  0.474767199233 ,  0.224438784602 ,  0.317295911273 ,  0.401262902668 ,  0.497673950251 ,  1.0 ,  0.343266734586 ,  0.177608183036 ,  0.447207258102 ,  0.411571499754 ,  0.216305763356 ,  0.337610118548 ,  0.365196837279 ,  0.411582216654 ,  0.403132107766 ,  0.26860439413 ,  0.324852021518 ,  0.31027649614
SUBSTANDARD ,  0.157496944684 ,  0.281794712801 ,  0.200207387762 ,  0.229104181159 ,  0.0659479058457 ,  0.169499031491 ,  0.191828624534 ,  0.165539733417 ,  0.32088045759 ,  0.35607615685 ,  0.37676863606 ,  0.264587373942 ,  0.305307134881 ,  0.24307975741 ,  0.299058660983 ,  0.145021379956 ,  0.28974569911 ,  0.139510744396 ,  0.151214105755 ,  0.133952713316 ,  0.2213556769 ,  0.348781007186 ,  0.211413412351 ,  0.504294929436 ,  0.123818959432 ,  0.312825919594 ,  0.424860711684 ,  0.321722470092 ,  0.145711241546 ,  -0.00662561860168 ,  0.247715205708 ,  0.280109290421 ,  0.307795552197 ,  0.161262595158 ,  0.344735855904 ,  0.178053021919 ,  0.336643427393 ,  0.343266734586 ,  1.0 ,  0.088684627429 ,  0.352770469528 ,  0.316756170318 ,  0.126906192731 ,  0.209611857362 ,  0.255964541092 ,  0.393966905289 ,  0.203983188681 ,  0.249055984481 ,  0.200585473695 ,  0.207759687069
SUPER ,  0.146547777925 ,  0.0534908569691 ,  0.189952836761 ,  0.177305092117 ,  0.0933485881295 ,  0.291541994899 ,  0.128625179693 ,  0.123393153911 ,  0.2065003226 ,  0.260286639857 ,  0.167503416805 ,  0.224288650453 ,  0.243251052816 ,  0.239135722251 ,  0.300889406169 ,  0.0589287015411 ,  0.280707509876 ,  0.111823421978 ,  0.157758599569 ,  0.236375602643 ,  0.174748578516 ,  0.111518525376 ,  0.255544112892 ,  0.11636336111 ,  0.258489567845 ,  0.291264277719 ,  0.191988756888 ,  0.0975524775647 ,  0.208022181337 ,  0.0875885342681 ,  0.234001367551 ,  0.172049991423 ,  0.180265193678 ,  0.185108968643 ,  0.198256106568 ,  0.19038067645 ,  0.255002330967 ,  0.177608183036 ,  0.088684627429 ,  1.0 ,  0.285354094379 ,  0.141394388188 ,  0.251415998195 ,  0.191282199439 ,  0.285793747919 ,  0.126760115834 ,  0.273915633681 ,  0.150174800431 ,  0.0915383261507 ,  0.261339116682
SUPERB ,  0.422271952123 ,  0.345629343112 ,  0.477037183759 ,  0.447715751414 ,  0.106528628702 ,  0.370024510817 ,  0.288258433002 ,  0.233005775206 ,  0.383401517225 ,  0.540383301255 ,  0.388950239232 ,  0.479266542165 ,  0.682838683467 ,  0.561663992396 ,  0.656254548371 ,  0.207916567219 ,  0.660514426249 ,  0.286058761761 ,  0.355883278007 ,  0.420841095973 ,  0.399935769825 ,  0.35332099835 ,  0.53917115117 ,  0.387459110216 ,  0.320725912961 ,  0.617250545228 ,  0.507657168085 ,  0.347478154454 ,  0.371972356813 ,  0.102182930418 ,  0.616979472188 ,  0.390511329585 ,  0.415674392788 ,  0.33892087925 ,  0.38540207218 ,  0.444818286651 ,  0.642569526739 ,  0.447207258102 ,  0.352770469528 ,  0.285354094379 ,  1.0 ,  0.43361468401 ,  0.294478886535 ,  0.418035504732 ,  0.681039085671 ,  0.332345855879 ,  0.500206771515 ,  0.307897764898 ,  0.307546548188 ,  0.572826940647
SUPERLATIVE ,  0.28325828274 ,  0.259177643863 ,  0.341007216987 ,  0.308092692506 ,  0.106678397442 ,  0.156849024298 ,  0.165728238539 ,  0.178913058626 ,  0.367886661864 ,  0.268463230791 ,  0.334090525184 ,  0.34439268522 ,  0.306262919064 ,  0.298929732112 ,  0.35683073578 ,  0.13005950956 ,  0.344025992079 ,  0.165812222909 ,  0.159709432332 ,  0.178328100967 ,  0.209212665567 ,  0.251725599714 ,  0.281335895861 ,  0.329695139284 ,  0.238248545409 ,  0.370946220664 ,  0.385343853205 ,  0.257943160693 ,  0.197276699419 ,  -0.020464124661 ,  0.312766377282 ,  0.344060271323 ,  0.317931910539 ,  0.187016346289 ,  0.259654843141 ,  0.314957661739 ,  0.443306063338 ,  0.411571499754 ,  0.316756170318 ,  0.141394388188 ,  0.43361468401 ,  1.0 ,  0.202123594444 ,  0.196652291171 ,  0.313005528143 ,  0.318572312527 ,  0.22725320408 ,  0.317480264479 ,  0.207348867055 ,  0.254267113381
SWEET ,  0.327810657386 ,  0.263387791831 ,  0.33539397752 ,  0.308513479552 ,  0.100199800286 ,  0.322444093867 ,  0.282662205811 ,  0.294641049977 ,  0.231330097069 ,  0.34733129577 ,  0.204624185069 ,  0.381171403519 ,  0.279529997442 ,  0.323976442938 ,  0.419567731247 ,  0.138230455103 ,  0.380765018959 ,  0.194105691819 ,  0.261468075358 ,  0.324000665485 ,  0.367909812521 ,  0.300091654073 ,  0.366387182638 ,  0.157384953846 ,  0.254344203159 ,  0.377662162971 ,  0.228920246521 ,  0.278869593649 ,  0.413246792734 ,  0.0793645758015 ,  0.266858246406 ,  0.320361570873 ,  0.344078390374 ,  0.275682099222 ,  0.309216718306 ,  0.277376579601 ,  0.382119792829 ,  0.216305763356 ,  0.126906192731 ,  0.251415998195 ,  0.294478886535 ,  0.202123594444 ,  1.0 ,  0.331850587246 ,  0.370782308312 ,  0.180897481044 ,  0.313657076607 ,  0.239109547284 ,  0.241739679155 ,  0.41220238195
TERRIBLE ,  0.460252953144 ,  0.496036894081 ,  0.43364968078 ,  0.388750716343 ,  0.153285234245 ,  0.62357816299 ,  0.521444400142 ,  0.278578196027 ,  0.292535983874 ,  0.491524289309 ,  0.30938022695 ,  0.61814251897 ,  0.498001110958 ,  0.571000227933 ,  0.503658611394 ,  0.251767929995 ,  0.54417544393 ,  0.252939042387 ,  0.425868554427 ,  0.513165912046 ,  0.782691734091 ,  0.339638942353 ,  0.633575109508 ,  0.214637410894 ,  0.284502082253 ,  0.453906293002 ,  0.301726242717 ,  0.496408067735 ,  0.522709395698 ,  0.177223865913 ,  0.388331507705 ,  0.417306542738 ,  0.441317890868 ,  0.290387821056 ,  0.338272260363 ,  0.422037653379 ,  0.447108853828 ,  0.337610118548 ,  0.209611857362 ,  0.191282199439 ,  0.418035504732 ,  0.196652291171 ,  0.331850587246 ,  1.0 ,  0.566978742811 ,  0.313814813738 ,  0.592853769524 ,  0.246102567525 ,  0.512073220355 ,  0.625858907261
