WORDS  , A , BASTARD , A , BITCH , A , BREEZE , A , CINCH , A , A , PAIN , IN , THE , NECK , A , PAIN , A , PIECE , OF , CAKE , ARDUOUS , A
A ,  1.0 ,  0.0224761735903 ,  1.0 ,  0.0297519428031 ,  1.0 ,  -0.0309779776403 ,  1.0 ,  -0.0439687806926 ,  1.0 ,  1.0 ,  0.083628574446 ,  0.431994968949 ,  0.59159272188 ,  0.0591279134722 ,  1.0 ,  0.083628574446 ,  1.0 ,  0.168985846845 ,  0.412872719933 ,  0.0911742595536 ,  0.0743585377354 ,  1.0
BASTARD ,  0.0224761735903 ,  1.0 ,  0.0224761735903 ,  0.253878605604 ,  0.0224761735903 ,  0.170427930187 ,  0.0224761735903 ,  0.0983267715158 ,  0.0224761735903 ,  0.0224761735903 ,  0.0895586394284 ,  -0.00920381879389 ,  0.00982326494355 ,  0.128739218324 ,  0.0224761735903 ,  0.0895586394284 ,  0.0224761735903 ,  0.0547368383938 ,  -0.0104780925929 ,  0.0659675065093 ,  -0.122454195792 ,  0.0224761735903
A ,  1.0 ,  0.0224761735903 ,  1.0 ,  0.0297519428031 ,  1.0 ,  -0.0309779776403 ,  1.0 ,  -0.0439687806926 ,  1.0 ,  1.0 ,  0.083628574446 ,  0.431994968949 ,  0.59159272188 ,  0.0591279134722 ,  1.0 ,  0.083628574446 ,  1.0 ,  0.168985846845 ,  0.412872719933 ,  0.0911742595536 ,  0.0743585377354 ,  1.0
BITCH ,  0.0297519428031 ,  0.253878605604 ,  0.0297519428031 ,  1.0 ,  0.0297519428031 ,  0.269114792899 ,  0.0297519428031 ,  0.210801000193 ,  0.0297519428031 ,  0.0297519428031 ,  0.164977362668 ,  -0.0051649678169 ,  0.0197589714832 ,  0.15003803494 ,  0.0297519428031 ,  0.164977362668 ,  0.0297519428031 ,  0.102520823146 ,  0.00412405225113 ,  0.148828268359 ,  -0.131329485154 ,  0.0297519428031
A ,  1.0 ,  0.0224761735903 ,  1.0 ,  0.0297519428031 ,  1.0 ,  -0.0309779776403 ,  1.0 ,  -0.0439687806926 ,  1.0 ,  1.0 ,  0.083628574446 ,  0.431994968949 ,  0.59159272188 ,  0.0591279134722 ,  1.0 ,  0.083628574446 ,  1.0 ,  0.168985846845 ,  0.412872719933 ,  0.0911742595536 ,  0.0743585377354 ,  1.0
BREEZE ,  -0.0309779776403 ,  0.170427930187 ,  -0.0309779776403 ,  0.269114792899 ,  -0.0309779776403 ,  1.0 ,  -0.0309779776403 ,  0.32253332519 ,  -0.0309779776403 ,  -0.0309779776403 ,  0.241729848828 ,  0.0238920422795 ,  -0.0142164817946 ,  0.2315255032 ,  -0.0309779776403 ,  0.241729848828 ,  -0.0309779776403 ,  0.197438299309 ,  -0.0109117632349 ,  0.267829703795 ,  -0.102529532099 ,  -0.0309779776403
A ,  1.0 ,  0.0224761735903 ,  1.0 ,  0.0297519428031 ,  1.0 ,  -0.0309779776403 ,  1.0 ,  -0.0439687806926 ,  1.0 ,  1.0 ,  0.083628574446 ,  0.431994968949 ,  0.59159272188 ,  0.0591279134722 ,  1.0 ,  0.083628574446 ,  1.0 ,  0.168985846845 ,  0.412872719933 ,  0.0911742595536 ,  0.0743585377354 ,  1.0
CINCH ,  -0.0439687806926 ,  0.0983267715158 ,  -0.0439687806926 ,  0.210801000193 ,  -0.0439687806926 ,  0.32253332519 ,  -0.0439687806926 ,  1.0 ,  -0.0439687806926 ,  -0.0439687806926 ,  0.103949023521 ,  -0.0386954657628 ,  -0.0575497722394 ,  0.113640804482 ,  -0.0439687806926 ,  0.103949023521 ,  -0.0439687806926 ,  0.146099918847 ,  -0.0640567141815 ,  0.0836505881062 ,  -0.0436647797089 ,  -0.0439687806926
A ,  1.0 ,  0.0224761735903 ,  1.0 ,  0.0297519428031 ,  1.0 ,  -0.0309779776403 ,  1.0 ,  -0.0439687806926 ,  1.0 ,  1.0 ,  0.083628574446 ,  0.431994968949 ,  0.59159272188 ,  0.0591279134722 ,  1.0 ,  0.083628574446 ,  1.0 ,  0.168985846845 ,  0.412872719933 ,  0.0911742595536 ,  0.0743585377354 ,  1.0
A ,  1.0 ,  0.0224761735903 ,  1.0 ,  0.0297519428031 ,  1.0 ,  -0.0309779776403 ,  1.0 ,  -0.0439687806926 ,  1.0 ,  1.0 ,  0.083628574446 ,  0.431994968949 ,  0.59159272188 ,  0.0591279134722 ,  1.0 ,  0.083628574446 ,  1.0 ,  0.168985846845 ,  0.412872719933 ,  0.0911742595536 ,  0.0743585377354 ,  1.0
PAIN ,  0.083628574446 ,  0.0895586394284 ,  0.083628574446 ,  0.164977362668 ,  0.083628574446 ,  0.241729848828 ,  0.083628574446 ,  0.103949023521 ,  0.083628574446 ,  0.083628574446 ,  1.0 ,  0.120570788879 ,  0.0853302295389 ,  0.209168184972 ,  0.083628574446 ,  1.0 ,  0.083628574446 ,  0.140268641785 ,  0.0276899284822 ,  0.198711951187 ,  -0.0449240383885 ,  0.083628574446
IN ,  0.431994968949 ,  -0.00920381879389 ,  0.431994968949 ,  -0.0051649678169 ,  0.431994968949 ,  0.0238920422795 ,  0.431994968949 ,  -0.0386954657628 ,  0.431994968949 ,  0.431994968949 ,  0.120570788879 ,  1.0 ,  0.431086598036 ,  0.114229432237 ,  0.431994968949 ,  0.120570788879 ,  0.431994968949 ,  0.225423221972 ,  0.573121763964 ,  0.0902123976006 ,  0.0358985977199 ,  0.431994968949
THE ,  0.59159272188 ,  0.00982326494355 ,  0.59159272188 ,  0.0197589714832 ,  0.59159272188 ,  -0.0142164817946 ,  0.59159272188 ,  -0.0575497722394 ,  0.59159272188 ,  0.59159272188 ,  0.0853302295389 ,  0.431086598036 ,  1.0 ,  0.0154264086307 ,  0.59159272188 ,  0.0853302295389 ,  0.59159272188 ,  0.1754267512 ,  0.392338724954 ,  0.0462141609149 ,  0.0400250194399 ,  0.59159272188
NECK ,  0.0591279134722 ,  0.128739218324 ,  0.0591279134722 ,  0.15003803494 ,  0.0591279134722 ,  0.2315255032 ,  0.0591279134722 ,  0.113640804482 ,  0.0591279134722 ,  0.0591279134722 ,  0.209168184972 ,  0.114229432237 ,  0.0154264086307 ,  1.0 ,  0.0591279134722 ,  0.209168184972 ,  0.0591279134722 ,  0.199244483727 ,  0.0523124554476 ,  0.187460190001 ,  0.016799068362 ,  0.0591279134722
A ,  1.0 ,  0.0224761735903 ,  1.0 ,  0.0297519428031 ,  1.0 ,  -0.0309779776403 ,  1.0 ,  -0.0439687806926 ,  1.0 ,  1.0 ,  0.083628574446 ,  0.431994968949 ,  0.59159272188 ,  0.0591279134722 ,  1.0 ,  0.083628574446 ,  1.0 ,  0.168985846845 ,  0.412872719933 ,  0.0911742595536 ,  0.0743585377354 ,  1.0
PAIN ,  0.083628574446 ,  0.0895586394284 ,  0.083628574446 ,  0.164977362668 ,  0.083628574446 ,  0.241729848828 ,  0.083628574446 ,  0.103949023521 ,  0.083628574446 ,  0.083628574446 ,  1.0 ,  0.120570788879 ,  0.0853302295389 ,  0.209168184972 ,  0.083628574446 ,  1.0 ,  0.083628574446 ,  0.140268641785 ,  0.0276899284822 ,  0.198711951187 ,  -0.0449240383885 ,  0.083628574446
A ,  1.0 ,  0.0224761735903 ,  1.0 ,  0.0297519428031 ,  1.0 ,  -0.0309779776403 ,  1.0 ,  -0.0439687806926 ,  1.0 ,  1.0 ,  0.083628574446 ,  0.431994968949 ,  0.59159272188 ,  0.0591279134722 ,  1.0 ,  0.083628574446 ,  1.0 ,  0.168985846845 ,  0.412872719933 ,  0.0911742595536 ,  0.0743585377354 ,  1.0
PIECE ,  0.168985846845 ,  0.0547368383938 ,  0.168985846845 ,  0.102520823146 ,  0.168985846845 ,  0.197438299309 ,  0.168985846845 ,  0.146099918847 ,  0.168985846845 ,  0.168985846845 ,  0.140268641785 ,  0.225423221972 ,  0.1754267512 ,  0.199244483727 ,  0.168985846845 ,  0.140268641785 ,  0.168985846845 ,  1.0 ,  0.199456434342 ,  0.18410809738 ,  -0.10568829466 ,  0.168985846845
OF ,  0.412872719933 ,  -0.0104780925929 ,  0.412872719933 ,  0.00412405225113 ,  0.412872719933 ,  -0.0109117632349 ,  0.412872719933 ,  -0.0640567141815 ,  0.412872719933 ,  0.412872719933 ,  0.0276899284822 ,  0.573121763964 ,  0.392338724954 ,  0.0523124554476 ,  0.412872719933 ,  0.0276899284822 ,  0.412872719933 ,  0.199456434342 ,  1.0 ,  0.0322359859191 ,  0.0267499695529 ,  0.412872719933
CAKE ,  0.0911742595536 ,  0.0659675065093 ,  0.0911742595536 ,  0.148828268359 ,  0.0911742595536 ,  0.267829703795 ,  0.0911742595536 ,  0.0836505881062 ,  0.0911742595536 ,  0.0911742595536 ,  0.198711951187 ,  0.0902123976006 ,  0.0462141609149 ,  0.187460190001 ,  0.0911742595536 ,  0.198711951187 ,  0.0911742595536 ,  0.18410809738 ,  0.0322359859191 ,  1.0 ,  -0.0560237441761 ,  0.0911742595536
ARDUOUS ,  0.0743585377354 ,  -0.122454195792 ,  0.0743585377354 ,  -0.131329485154 ,  0.0743585377354 ,  -0.102529532099 ,  0.0743585377354 ,  -0.0436647797089 ,  0.0743585377354 ,  0.0743585377354 ,  -0.0449240383885 ,  0.0358985977199 ,  0.0400250194399 ,  0.016799068362 ,  0.0743585377354 ,  -0.0449240383885 ,  0.0743585377354 ,  -0.10568829466 ,  0.0267499695529 ,  -0.0560237441761 ,  1.0 ,  0.0743585377354
A ,  1.0 ,  0.0224761735903 ,  1.0 ,  0.0297519428031 ,  1.0 ,  -0.0309779776403 ,  1.0 ,  -0.0439687806926 ,  1.0 ,  1.0 ,  0.083628574446 ,  0.431994968949 ,  0.59159272188 ,  0.0591279134722 ,  1.0 ,  0.083628574446 ,  1.0 ,  0.168985846845 ,  0.412872719933 ,  0.0911742595536 ,  0.0743585377354 ,  1.0
