WORDS  , ABIDING , BRIEF , CHRONIC , ENDURING , EPHEMERAL , ETERNAL , EXTENDED , INTERIM , LASTING , LENGTHY , LONG , MOMENTARY , PERPETUAL , PERSISTENT , SHORT
ABIDING ,  1.0 ,  0.133375706202 ,  0.162176373895 ,  0.3344053996 ,  0.302887812093 ,  0.346624216625 ,  0.0698870818039 ,  0.156954241066 ,  0.225850343689 ,  0.175661945357 ,  0.0700218493956 ,  0.306197482103 ,  0.286414252645 ,  0.328372946719 ,  0.0311628455883
BRIEF ,  0.133375706202 ,  1.0 ,  0.0838313540964 ,  0.155387322805 ,  0.114635817264 ,  0.184274725254 ,  0.255958866566 ,  0.172731681848 ,  0.172856920609 ,  0.402754035767 ,  0.205398355651 ,  0.294311277036 ,  0.184302627351 ,  0.21343765399 ,  0.286074357708
CHRONIC ,  0.162176373895 ,  0.0838313540964 ,  1.0 ,  0.234201553634 ,  0.172421587986 ,  0.193851834717 ,  0.135050833656 ,  0.0575343400732 ,  0.164967365886 ,  0.215192586176 ,  0.0944602552469 ,  0.225470841887 ,  0.29171944617 ,  0.398260018035 ,  0.0823562372204
ENDURING ,  0.3344053996 ,  0.155387322805 ,  0.234201553634 ,  1.0 ,  0.373438176469 ,  0.398976939947 ,  0.173722805888 ,  0.096820824175 ,  0.526370804402 ,  0.339353731436 ,  0.0717899186839 ,  0.358877222863 ,  0.421966202939 ,  0.414174491459 ,  0.0396444553612
EPHEMERAL ,  0.302887812093 ,  0.114635817264 ,  0.172421587986 ,  0.373438176469 ,  1.0 ,  0.416156831393 ,  0.116596118111 ,  0.0293078084361 ,  0.297583852614 ,  0.232616255058 ,  0.0467612312362 ,  0.390070600485 ,  0.355734278296 ,  0.323488161469 ,  0.0991250748188
ETERNAL ,  0.346624216625 ,  0.184274725254 ,  0.193851834717 ,  0.398976939947 ,  0.416156831393 ,  1.0 ,  0.133537747372 ,  0.0995827704807 ,  0.309364299348 ,  0.281561010409 ,  0.0760045393296 ,  0.498645228263 ,  0.534960596973 ,  0.344286616217 ,  0.0735837585439
EXTENDED ,  0.0698870818039 ,  0.255958866566 ,  0.135050833656 ,  0.173722805888 ,  0.116596118111 ,  0.133537747372 ,  1.0 ,  0.105484110976 ,  0.187067236531 ,  0.303863252291 ,  0.178808704574 ,  0.0979154331242 ,  0.149659408016 ,  0.123623950576 ,  0.21112749807
INTERIM ,  0.156954241066 ,  0.172731681848 ,  0.0575343400732 ,  0.096820824175 ,  0.0293078084361 ,  0.0995827704807 ,  0.105484110976 ,  1.0 ,  0.146609296097 ,  0.229572348667 ,  0.156680949176 ,  0.117781999364 ,  0.149033406741 ,  0.130353472573 ,  0.118745163995
LASTING ,  0.225850343689 ,  0.172856920609 ,  0.164967365886 ,  0.526370804402 ,  0.297583852614 ,  0.309364299348 ,  0.187067236531 ,  0.146609296097 ,  1.0 ,  0.271243750337 ,  0.11289354497 ,  0.285809569358 ,  0.288321235845 ,  0.288800380015 ,  0.11630822964
LENGTHY ,  0.175661945357 ,  0.402754035767 ,  0.215192586176 ,  0.339353731436 ,  0.232616255058 ,  0.281561010409 ,  0.303863252291 ,  0.229572348667 ,  0.271243750337 ,  1.0 ,  0.280062531148 ,  0.337013217898 ,  0.40745335867 ,  0.354901207634 ,  0.251863615909
LONG ,  0.0700218493956 ,  0.205398355651 ,  0.0944602552469 ,  0.0717899186839 ,  0.0467612312362 ,  0.0760045393296 ,  0.178808704574 ,  0.156680949176 ,  0.11289354497 ,  0.280062531148 ,  1.0 ,  0.0557532559788 ,  0.0888574165662 ,  0.104655095247 ,  0.436690374229
MOMENTARY ,  0.306197482103 ,  0.294311277036 ,  0.225470841887 ,  0.358877222863 ,  0.390070600485 ,  0.498645228263 ,  0.0979154331242 ,  0.117781999364 ,  0.285809569358 ,  0.337013217898 ,  0.0557532559788 ,  1.0 ,  0.510166995668 ,  0.425320923728 ,  0.100904709301
PERPETUAL ,  0.286414252645 ,  0.184302627351 ,  0.29171944617 ,  0.421966202939 ,  0.355734278296 ,  0.534960596973 ,  0.149659408016 ,  0.149033406741 ,  0.288321235845 ,  0.40745335867 ,  0.0888574165662 ,  0.510166995668 ,  1.0 ,  0.458877224598 ,  0.0693165981056
PERSISTENT ,  0.328372946719 ,  0.21343765399 ,  0.398260018035 ,  0.414174491459 ,  0.323488161469 ,  0.344286616217 ,  0.123623950576 ,  0.130353472573 ,  0.288800380015 ,  0.354901207634 ,  0.104655095247 ,  0.425320923728 ,  0.458877224598 ,  1.0 ,  0.0755210548707
SHORT ,  0.0311628455883 ,  0.286074357708 ,  0.0823562372204 ,  0.0396444553612 ,  0.0991250748188 ,  0.0735837585439 ,  0.21112749807 ,  0.118745163995 ,  0.11630822964 ,  0.251863615909 ,  0.436690374229 ,  0.100904709301 ,  0.0693165981056 ,  0.0755210548707 ,  1.0
