WORDS  , AFFRONTED , AGITATED , AGONIZED , ALARMED , ALL , ABOUT , AMUSED , ANGRY , ANGUISHED , ANNOYED , ANXIOUS , APPALLED , ASHAMED , ASTONISHED , ASTOUNDED , BAFFLED , BEFUDDLED , BEWILDERED , BLUE , BORED , CHAGRINED , CONCERNED , CONTENTED , CRESTFALLEN , CROSS , CRUSHED , DEJECTED , DELIGHTED , DEMOLISHED , DEPRESSED , DESOLATE , DESPONDENT , DEVASTATED , DISAPPOINTED , DISCONCERTED , DISCOURAGED , DISGRUNTLED , DISHEARTENED , DISMAYED , DISORIENTED , DISPLEASED , DISTRESSED , DOWNCAST , ECSTATIC , ELATED , EMBARRASSED , EMBITTERED , ENRAGED , EXASPERATED , EXCITED , EXHILARATED , FASCINATED , FED , UP , FLABBERGASTED , FLUSTERED , FRIGHTENED , FURIOUS , GLEEFUL , GLUM , GRATIFIED , HAPPY , HARRIED , HEARTBROKEN , HORRIFIED , HUMILIATED , INCENSED , INCONSOLABLE , INDIGNANT , INFURIATED , IRATE , IRKED , IRRITATED , JUBILANT , LIVID , MAD , MIFFED , MISERABLE , MORTIFIED , MOURNFUL , MYSTIFIED , NERVOUS , OFFENDED , OVERJOYED , OVERWROUGHT , PEEVED , PERPLEXED , PERTURBED , PETRIFIED , PLEASED , RATTLED , RELAXED , RESENTFUL , REVOLTED , RILED , RUFFLED , SAD , SADDENED , SHOCKED , SICKENED , SORE , SORROWFUL , STARTLED , STRESSED , STUNNED , SYMPATHETIC , THRILLED , TORMENTED , UNSETTLED , UNSYMPATHETIC , UPSET , VEXED , WORRIED , WRETCHED
AFFRONTED ,  1.0 ,  0.302191471882 ,  0.217266469537 ,  0.316562647223 ,  -0.0262931839754 ,  -0.022731433487 ,  0.303282995063 ,  0.132910569832 ,  0.263017007445 ,  0.298188803291 ,  0.0544688878352 ,  0.353100228185 ,  0.136499723163 ,  0.279454747586 ,  0.346558176057 ,  0.354699011546 ,  0.412451174201 ,  0.353212034832 ,  -0.0398468637206 ,  0.25268417346 ,  0.467394223381 ,  0.100293750992 ,  0.21148671512 ,  0.29770683536 ,  -0.0714949617103 ,  0.228407346832 ,  0.257716913415 ,  0.146651595699 ,  0.19408971801 ,  0.202187104133 ,  0.177836771052 ,  0.288236664402 ,  0.258433880752 ,  0.224255972132 ,  0.475055266149 ,  0.280561255969 ,  0.167896870353 ,  0.509916783966 ,  0.369824686225 ,  0.288557402761 ,  0.38351025834 ,  0.349822683054 ,  0.210547839338 ,  0.132894898242 ,  0.287327522355 ,  0.275862852604 ,  0.423162392842 ,  0.295851637129 ,  0.323222333693 ,  0.147444587283 ,  0.554306146875 ,  0.29913072562 ,  0.0809942534975 ,  0.02185759017 ,  0.39759337841 ,  0.458341267174 ,  0.267083963808 ,  0.11654472415 ,  0.196135690532 ,  0.150498003473 ,  0.407147965566 ,  0.056293092992 ,  0.227920097426 ,  0.349954870537 ,  0.306459139923 ,  0.361398422383 ,  0.376098973314 ,  0.138501856539 ,  0.22825385168 ,  0.319743167514 ,  0.264079693762 ,  0.373889271592 ,  0.302180943799 ,  0.117378108083 ,  0.30296379366 ,  0.0483760398314 ,  0.331039323638 ,  0.0959985076508 ,  0.533358866547 ,  0.131639885216 ,  0.439785816849 ,  0.0560657407864 ,  0.321292390511 ,  0.26254533497 ,  0.266371638571 ,  0.335793995592 ,  0.404408597899 ,  0.464982773678 ,  0.217007030187 ,  0.116326238613 ,  0.27409443157 ,  0.0984413250029 ,  0.250230626306 ,  0.489918411184 ,  0.30087623413 ,  0.234967049966 ,  0.0852387964627 ,  0.367106836978 ,  0.217749143231 ,  0.374204648531 ,  0.0441185251198 ,  0.190226123629 ,  0.298545160048 ,  0.191937493541 ,  0.25666255616 ,  0.113271394607 ,  0.177558051795 ,  0.419344709975 ,  0.28641614991 ,  0.251645622747 ,  0.197082626753 ,  0.474819695069 ,  0.11866556869 ,  0.0916956642194
AGITATED ,  0.302191471882 ,  1.0 ,  0.315310521757 ,  0.441776550923 ,  -0.0185335299412 ,  -0.00337416275566 ,  0.463200808788 ,  0.3803707692 ,  0.493678786179 ,  0.524270443793 ,  0.315036673884 ,  0.46104704505 ,  0.234455116606 ,  0.432679075185 ,  0.442646217474 ,  0.502687876645 ,  0.533274026582 ,  0.553677889146 ,  0.0903086447693 ,  0.415383015828 ,  0.393010818905 ,  0.207162435628 ,  0.338038522095 ,  0.343028871526 ,  -0.0462618578991 ,  0.30289458298 ,  0.472625730705 ,  0.318388849846 ,  0.229098779801 ,  0.42631032888 ,  0.201956975085 ,  0.481051435843 ,  0.359419729249 ,  0.342681378322 ,  0.329086062367 ,  0.340845897542 ,  0.30723184876 ,  0.519159180623 ,  0.452840301481 ,  0.468197474222 ,  0.441305470955 ,  0.478401785341 ,  0.401541108832 ,  0.46760356085 ,  0.490141103927 ,  0.421091775242 ,  0.503412607068 ,  0.513488219857 ,  0.600519526917 ,  0.395153186347 ,  0.427973966919 ,  0.307653708136 ,  0.0287073733585 ,  0.0384793968004 ,  0.375007356178 ,  0.524654283699 ,  0.474245109305 ,  0.35777335233 ,  0.372409162642 ,  0.37107898268 ,  0.375928288379 ,  0.193498115099 ,  0.406575303785 ,  0.473906397853 ,  0.513185389794 ,  0.482037606838 ,  0.484426324067 ,  0.216685840572 ,  0.457568378187 ,  0.378782610908 ,  0.485397783219 ,  0.435396869678 ,  0.504559951865 ,  0.383248731444 ,  0.416269754786 ,  0.271835379995 ,  0.544043097943 ,  0.284496023765 ,  0.482289376197 ,  0.258548700049 ,  0.524928670151 ,  0.312998308022 ,  0.382910796334 ,  0.379763745835 ,  0.366455723472 ,  0.431029605226 ,  0.534229872715 ,  0.469481588489 ,  0.312704546858 ,  0.22595341821 ,  0.381961808839 ,  0.307752581939 ,  0.374647008393 ,  0.365155985251 ,  0.270006797653 ,  0.29629898867 ,  0.284141217648 ,  0.487331144235 ,  0.359476626264 ,  0.357920496374 ,  0.169512930327 ,  0.258428004276 ,  0.527930283765 ,  0.163679181757 ,  0.421161678003 ,  0.266275429742 ,  0.327577974835 ,  0.502686641048 ,  0.355441834865 ,  0.229319410984 ,  0.351559507634 ,  0.411040760233 ,  0.228325147018 ,  0.238366123096
AGONIZED ,  0.217266469537 ,  0.315310521757 ,  1.0 ,  0.214621300828 ,  -0.022167438595 ,  -0.0232941742356 ,  0.243888493496 ,  0.292302421814 ,  0.440780225464 ,  0.224723160574 ,  0.185857101332 ,  0.231454943964 ,  0.221819713981 ,  0.214975291927 ,  0.199724740818 ,  0.257994309193 ,  0.208593938776 ,  0.308667007929 ,  -0.0822198746947 ,  0.170182886555 ,  0.301612964869 ,  0.142626254261 ,  0.190776989343 ,  0.22292483314 ,  0.0188780471767 ,  0.111603233295 ,  0.276832520675 ,  0.15494129847 ,  0.016136014492 ,  0.228114059601 ,  0.0464709302951 ,  0.541669955978 ,  0.166581155319 ,  0.228797657208 ,  0.2109665036 ,  0.20333346491 ,  0.113749183974 ,  0.348345860875 ,  0.283806509221 ,  0.158309042214 ,  0.280911133062 ,  0.246660800126 ,  0.260522894825 ,  0.360872436571 ,  0.323425204947 ,  0.204341447616 ,  0.268218806603 ,  0.236003786209 ,  0.206942465507 ,  0.205143387173 ,  0.187513067158 ,  0.119841024358 ,  0.026550457912 ,  -0.0303374055846 ,  0.224124220965 ,  0.244156223736 ,  0.244222963045 ,  0.318551673341 ,  0.407809019097 ,  0.265972874371 ,  0.2331296674 ,  0.136768714699 ,  0.166845868088 ,  0.363858400607 ,  0.232167556245 ,  0.180407604734 ,  0.344889314783 ,  0.100674472064 ,  0.423679281592 ,  0.166208666053 ,  0.369237763473 ,  0.19896770458 ,  0.226658170542 ,  0.227260604569 ,  0.49410349989 ,  0.187678348348 ,  0.378158652676 ,  0.16229800872 ,  0.335273026978 ,  0.169848242534 ,  0.29736661812 ,  0.198298964372 ,  0.156186513636 ,  0.231313820794 ,  0.264064554533 ,  0.391935650442 ,  0.257396947025 ,  0.373371620739 ,  0.157720035703 ,  0.110629807037 ,  0.164988345669 ,  0.262276152365 ,  0.327887703729 ,  0.438191754994 ,  0.218808973421 ,  0.197301956928 ,  0.190853027685 ,  0.236880051763 ,  0.195315570443 ,  0.161930862007 ,  0.0673301586119 ,  0.229868395972 ,  0.205387211433 ,  0.226263031662 ,  0.204033605688 ,  0.218335964737 ,  0.145060584318 ,  0.211190490352 ,  0.224521175311 ,  0.263347124004 ,  0.209394207005 ,  0.272891551597 ,  0.257722958753 ,  0.157704639478
ALARMED ,  0.316562647223 ,  0.441776550923 ,  0.214621300828 ,  1.0 ,  0.0450403905193 ,  0.114172444837 ,  0.473994367783 ,  0.394458791939 ,  0.269379872473 ,  0.569820182025 ,  0.301143256718 ,  0.615985155209 ,  0.228966209236 ,  0.594938133131 ,  0.579479498551 ,  0.644262286 ,  0.48052968067 ,  0.426413057141 ,  0.0211089283122 ,  0.33453641773 ,  0.419298034859 ,  0.417119978594 ,  0.153787609264 ,  0.247870271904 ,  -0.0532302147046 ,  0.313300893833 ,  0.270666086998 ,  0.446632933894 ,  0.318717712539 ,  0.444333142873 ,  0.111460955253 ,  0.29523235415 ,  0.505723974628 ,  0.551921897081 ,  0.307685871041 ,  0.514429217785 ,  0.281356435058 ,  0.52670148117 ,  0.648262987276 ,  0.328456099384 ,  0.513597348315 ,  0.476911065504 ,  0.2052241185 ,  0.387444255022 ,  0.54224274537 ,  0.56436274317 ,  0.419529331624 ,  0.706341141184 ,  0.494204259165 ,  0.485236057011 ,  0.363293342422 ,  0.469477096364 ,  0.0691204404076 ,  0.082802087068 ,  0.437022875282 ,  0.386976679598 ,  0.513461587209 ,  0.377218135949 ,  0.260270219722 ,  0.208510238352 ,  0.473005808631 ,  0.213484467546 ,  0.291939148456 ,  0.384081332887 ,  0.618285697419 ,  0.49213023278 ,  0.626118560092 ,  0.131309052334 ,  0.327197468151 ,  0.661912265824 ,  0.403917754425 ,  0.626447105942 ,  0.554449230483 ,  0.28871249944 ,  0.376149850197 ,  0.258829504255 ,  0.50194240916 ,  0.171164190494 ,  0.4229459804 ,  0.0546317694434 ,  0.607234476679 ,  0.32219208757 ,  0.580124073915 ,  0.424021118061 ,  0.203305868661 ,  0.375874682261 ,  0.582131872345 ,  0.498459002967 ,  0.180569185248 ,  0.434633362164 ,  0.48258255839 ,  0.221553314627 ,  0.38087572449 ,  0.314137196172 ,  0.377261377531 ,  0.142238837779 ,  0.226350115892 ,  0.555878610929 ,  0.581120817003 ,  0.468599052222 ,  0.0816102313499 ,  0.105667934729 ,  0.613323125089 ,  0.268247693669 ,  0.641112170646 ,  0.238136668262 ,  0.485363710226 ,  0.417921618944 ,  0.369474264513 ,  0.188951871368 ,  0.499022102021 ,  0.48906113683 ,  0.44440641198 ,  0.11020768316
ALL ,  -0.0262931839754 ,  -0.0185335299412 ,  -0.022167438595 ,  0.0450403905193 ,  1.0 ,  0.325660854411 ,  -0.118908758039 ,  0.162412068688 ,  -0.0568962176034 ,  -0.0580521514259 ,  0.127446915 ,  -0.00484172383325 ,  0.0554811128751 ,  -0.0598969008743 ,  -0.0723483985359 ,  -0.0622401834865 ,  -0.102997443765 ,  -0.0667431652005 ,  0.109955218407 ,  0.0372768397344 ,  -0.0427608860193 ,  0.178520281206 ,  -0.0756565247675 ,  -0.0037707840209 ,  0.105047030125 ,  -0.0320618655474 ,  -0.0129179844911 ,  0.0570471896986 ,  -0.0394659951182 ,  0.0521328586149 ,  -0.0159343976323 ,  -0.0232012256362 ,  0.0396071035611 ,  0.0768112801391 ,  -0.0500862535607 ,  0.0257663921679 ,  0.0839927496397 ,  -0.064519998025 ,  -0.0391291981078 ,  -0.0531345795343 ,  -0.0819516252759 ,  -0.00469335434994 ,  0.0149875631408 ,  0.0291706718696 ,  -0.00932994399325 ,  0.0235463380786 ,  -0.0257597753004 ,  -0.0180316276177 ,  -0.0262430067128 ,  0.101088052376 ,  -0.135907717271 ,  0.0072084707491 ,  0.107954723212 ,  0.283196061443 ,  -0.0640855451689 ,  -0.12109647809 ,  0.0690696772032 ,  0.100936395027 ,  -0.0315411347207 ,  -0.0280503459103 ,  -0.0599737127915 ,  0.15635906141 ,  -0.0396441602717 ,  -0.0419931989092 ,  -0.0197294491824 ,  -0.0397623506359 ,  -0.0671134296612 ,  0.0154606110923 ,  -0.0588317191663 ,  -0.0229704399869 ,  -0.00643011351436 ,  -0.0944184988285 ,  -0.0525591111708 ,  0.00703001229389 ,  0.0136754380064 ,  0.0964414450367 ,  -0.0773584936352 ,  0.0890454840458 ,  -0.0750498272042 ,  -0.00717670827397 ,  -0.112481304838 ,  0.088465762582 ,  -0.0201464691536 ,  -0.0259775058188 ,  -0.042514993885 ,  -0.0306114091571 ,  -0.062860247824 ,  -0.0668778294604 ,  -0.0295101477481 ,  0.105231928025 ,  -0.0542222116425 ,  0.0406222078285 ,  0.0361274034219 ,  -0.0748352762065 ,  -0.0863107934456 ,  -0.114232380648 ,  0.0932392419423 ,  -0.0570521726907 ,  0.0420380364145 ,  -0.0610330899215 ,  -0.0198904068894 ,  -0.0548529852152 ,  -0.0717658127035 ,  0.118724680702 ,  0.0183317429635 ,  0.101701029414 ,  0.0620489821186 ,  -0.0942365404805 ,  -0.0200260360549 ,  -0.0461002512693 ,  0.0370160604305 ,  -0.102385299111 ,  0.20314855251 ,  -0.0337050648817
ABOUT ,  -0.022731433487 ,  -0.00337416275566 ,  -0.0232941742356 ,  0.114172444837 ,  0.325660854411 ,  1.0 ,  -0.0439614101053 ,  0.0966827099123 ,  -0.0583626134323 ,  0.0168643249799 ,  0.0734550641442 ,  0.062886101086 ,  0.0294107498267 ,  0.0108983563348 ,  0.0209643827518 ,  -0.00628016338924 ,  -0.0277397630869 ,  -0.0514214637698 ,  0.0524549429941 ,  0.0117311432854 ,  0.0042390683587 ,  0.225026226056 ,  -0.0228757586907 ,  0.0478326541831 ,  0.0642205725739 ,  0.125219925219 ,  -0.00410663594886 ,  0.0810437335836 ,  0.106762142211 ,  0.0933525068831 ,  -0.000544273729804 ,  -0.0586910225191 ,  0.122113832198 ,  0.141370415543 ,  -0.0361296656734 ,  0.0806670630481 ,  0.0255415479896 ,  -0.0154768408293 ,  0.0435552939038 ,  0.00319018104521 ,  0.0163447324253 ,  -0.00358808461825 ,  0.00542114014478 ,  0.0348328777892 ,  0.0541294893576 ,  0.0702254514296 ,  -0.0573811220052 ,  0.0354785749165 ,  0.00809739696109 ,  0.108460831804 ,  -0.0135529053581 ,  0.0469227684185 ,  0.0495292968377 ,  0.290855945512 ,  -0.0248280051205 ,  -0.0416201554581 ,  0.0346665062351 ,  0.0659505739608 ,  -0.0359974225231 ,  -0.0234118211136 ,  0.000955177354672 ,  0.204643287776 ,  -0.0536110561543 ,  -0.013175552519 ,  0.0420285523283 ,  0.0396554621367 ,  -0.00666693166294 ,  0.0337079969717 ,  -0.0673712425942 ,  0.0963017777683 ,  -0.0947294692467 ,  0.047624814088 ,  0.00333786263459 ,  -0.0170472190583 ,  -0.0170157274326 ,  0.107254884001 ,  -0.0151758398725 ,  0.0542913823117 ,  -0.0333478924034 ,  0.0228484695101 ,  -0.0384998781552 ,  0.0802459963931 ,  0.0227983563525 ,  -0.00486340715583 ,  -0.0330357266458 ,  -0.0154696016821 ,  0.0154597648941 ,  -0.0417830574693 ,  -0.0115441428374 ,  0.127749870301 ,  0.0549445522226 ,  0.0675516572284 ,  0.00306014697871 ,  -0.105620192978 ,  -0.0826422096142 ,  -0.0628357609889 ,  0.141871788806 ,  0.0111174623932 ,  0.112719124661 ,  0.0416982659242 ,  0.0171822526721 ,  -0.0328479666862 ,  0.0222433800777 ,  0.195874308687 ,  0.0967311537537 ,  0.0155569100521 ,  0.0677220223224 ,  -0.0181267255963 ,  -0.0289483512516 ,  -0.0276039527427 ,  0.121281980178 ,  -0.0326337966881 ,  0.193085509322 ,  -0.0174768864145
AMUSED ,  0.303282995063 ,  0.463200808788 ,  0.243888493496 ,  0.473994367783 ,  -0.118908758039 ,  -0.0439614101053 ,  1.0 ,  0.26124403789 ,  0.367283255284 ,  0.598138852741 ,  0.204345939716 ,  0.644793667997 ,  0.259360283205 ,  0.656990112713 ,  0.667092551269 ,  0.618411852288 ,  0.567209459851 ,  0.534983479747 ,  0.0196929765022 ,  0.365768239358 ,  0.456372223567 ,  0.185157616444 ,  0.30453286874 ,  0.284964415643 ,  -0.129248394691 ,  0.260048135343 ,  0.333811726262 ,  0.40522874517 ,  0.204683539051 ,  0.318421295449 ,  0.0690854818355 ,  0.3396578772 ,  0.308691927233 ,  0.422490179046 ,  0.29483273629 ,  0.458801864422 ,  0.220402141336 ,  0.590707626078 ,  0.63967761919 ,  0.293037833422 ,  0.538695620801 ,  0.446888300851 ,  0.263313887646 ,  0.486275901726 ,  0.58714444053 ,  0.464257266415 ,  0.415936290846 ,  0.498545202332 ,  0.511752979359 ,  0.383899604926 ,  0.468312387876 ,  0.473328722846 ,  0.0670860554719 ,  -0.0615211894978 ,  0.539361230494 ,  0.488252505055 ,  0.404786611022 ,  0.295540010464 ,  0.406753028738 ,  0.351331513209 ,  0.522759827556 ,  0.152743637252 ,  0.290373215497 ,  0.430663676023 ,  0.61762060344 ,  0.428455792955 ,  0.557277896079 ,  0.18010183998 ,  0.426428678597 ,  0.43455772013 ,  0.383280654298 ,  0.56711077291 ,  0.517220384066 ,  0.32746271005 ,  0.355075214293 ,  0.200988774787 ,  0.578312320205 ,  0.122495599932 ,  0.533932289756 ,  0.252837716835 ,  0.631115380492 ,  0.202803881215 ,  0.532635090262 ,  0.459734101743 ,  0.400415579214 ,  0.381091629257 ,  0.62227415872 ,  0.521760929747 ,  0.215794447617 ,  0.313255898831 ,  0.355206769288 ,  0.210659226149 ,  0.309897675146 ,  0.313173819114 ,  0.323141544474 ,  0.332687084943 ,  0.236760975403 ,  0.589846651871 ,  0.46288010545 ,  0.387217225945 ,  0.126361472395 ,  0.240088169719 ,  0.635829120062 ,  0.153242083607 ,  0.522412442937 ,  0.212888179946 ,  0.413861669331 ,  0.458471131386 ,  0.326226117508 ,  0.285458341599 ,  0.345019335598 ,  0.462786548563 ,  0.172693232807 ,  0.195637934661
ANGRY ,  0.132910569832 ,  0.3803707692 ,  0.292302421814 ,  0.394458791939 ,  0.162412068688 ,  0.0966827099123 ,  0.26124403789 ,  1.0 ,  0.409409927201 ,  0.411197739798 ,  0.498727600707 ,  0.356000068939 ,  0.268856464595 ,  0.288028331967 ,  0.250115412088 ,  0.28648699514 ,  0.262301818051 ,  0.332418498313 ,  0.122700725429 ,  0.302885358603 ,  0.239330281064 ,  0.355539292945 ,  0.166987827746 ,  0.195045438352 ,  0.0219402215356 ,  0.189960666381 ,  0.294055348569 ,  0.319939068742 ,  0.126683331823 ,  0.382750108495 ,  0.144388346878 ,  0.35453938107 ,  0.286621068707 ,  0.447322298473 ,  0.146005870416 ,  0.293905057418 ,  0.306510761394 ,  0.259485154887 ,  0.349180747768 ,  0.207147209685 ,  0.271402711496 ,  0.382931941751 ,  0.262949695388 ,  0.423014971549 ,  0.397237211199 ,  0.368617595805 ,  0.318340137404 ,  0.418144842113 ,  0.387471187286 ,  0.402337615163 ,  0.131283722203 ,  0.1790606381 ,  0.0919975193 ,  0.107154780782 ,  0.204104092192 ,  0.219347982017 ,  0.405544471851 ,  0.603013105709 ,  0.352148653246 ,  0.302725151848 ,  0.260545925685 ,  0.4015496481 ,  0.309241171876 ,  0.31754552773 ,  0.351503215245 ,  0.268145507685 ,  0.345505887814 ,  0.165299725045 ,  0.411988044051 ,  0.305796133501 ,  0.460278724089 ,  0.289966080744 ,  0.335869785006 ,  0.439415236258 ,  0.343388775561 ,  0.463345957995 ,  0.351434514477 ,  0.304597212793 ,  0.283144768619 ,  0.176327760501 ,  0.254733375614 ,  0.47837389376 ,  0.304011623897 ,  0.328997378004 ,  0.276717190525 ,  0.321647469025 ,  0.282784144239 ,  0.276757107199 ,  0.175403792329 ,  0.309546910252 ,  0.230261505169 ,  0.319182090019 ,  0.360078332113 ,  0.212733078759 ,  0.159938989174 ,  0.140960984002 ,  0.389537193989 ,  0.277876956898 ,  0.381774308828 ,  0.179355878233 ,  0.163743205225 ,  0.189104287199 ,  0.279727844779 ,  0.195669132614 ,  0.391264582264 ,  0.363128075438 ,  0.324963750646 ,  0.237550958253 ,  0.269795136562 ,  0.148028975313 ,  0.442157875724 ,  0.206242027455 ,  0.461940585089 ,  0.227033554028
ANGUISHED ,  0.263017007445 ,  0.493678786179 ,  0.440780225464 ,  0.269379872473 ,  -0.0568962176034 ,  -0.0583626134323 ,  0.367283255284 ,  0.409409927201 ,  1.0 ,  0.347735737925 ,  0.359924534933 ,  0.324846532644 ,  0.179654189866 ,  0.316445379913 ,  0.320782161107 ,  0.38208740106 ,  0.432312193001 ,  0.541709108791 ,  0.0555131631234 ,  0.267804204868 ,  0.346982170223 ,  0.119868797251 ,  0.39579609596 ,  0.336029373611 ,  -0.0269659002397 ,  0.216895871015 ,  0.448360985458 ,  0.238905601765 ,  0.118172934149 ,  0.293142508342 ,  0.259548751542 ,  0.503504149676 ,  0.250843568022 ,  0.228273424413 ,  0.281282558356 ,  0.262106433043 ,  0.207225148615 ,  0.39083052462 ,  0.365128325655 ,  0.317882417569 ,  0.30753589695 ,  0.452686921932 ,  0.417040230517 ,  0.498082228735 ,  0.433386421902 ,  0.272792118768 ,  0.46108986295 ,  0.378518940206 ,  0.476537152792 ,  0.279714303284 ,  0.34773373202 ,  0.195065594102 ,  0.00543873521519 ,  -0.047246154586 ,  0.292990632977 ,  0.399242873876 ,  0.34525422345 ,  0.3659620015 ,  0.56625457347 ,  0.512999145049 ,  0.291235880901 ,  0.221308621244 ,  0.487222446592 ,  0.50116413779 ,  0.412176294007 ,  0.284128542719 ,  0.367450110287 ,  0.23435852151 ,  0.520120198332 ,  0.242382558418 ,  0.537228309465 ,  0.300993040022 ,  0.338722544064 ,  0.491463454155 ,  0.404628297166 ,  0.204905414759 ,  0.400654596346 ,  0.327013399769 ,  0.432524537254 ,  0.47626542758 ,  0.4213284004 ,  0.303271455834 ,  0.257060236748 ,  0.350185292847 ,  0.463107395255 ,  0.398954269835 ,  0.393795954249 ,  0.409262895628 ,  0.336200546335 ,  0.145096501502 ,  0.227387925987 ,  0.315371642751 ,  0.423417464697 ,  0.296001109606 ,  0.253898540891 ,  0.339732126687 ,  0.31923957467 ,  0.365175326369 ,  0.218672594609 ,  0.28478580865 ,  0.258550144529 ,  0.500484260476 ,  0.376062287942 ,  0.113350535131 ,  0.31295425491 ,  0.341490287797 ,  0.226604295679 ,  0.449327307408 ,  0.427976792954 ,  0.336309553809 ,  0.232088677387 ,  0.410482755712 ,  0.193019169051 ,  0.349975718566
ANNOYED ,  0.298188803291 ,  0.524270443793 ,  0.224723160574 ,  0.569820182025 ,  -0.0580521514259 ,  0.0168643249799 ,  0.598138852741 ,  0.411197739798 ,  0.347735737925 ,  1.0 ,  0.205470381047 ,  0.630339793226 ,  0.267889988937 ,  0.638059579812 ,  0.656269935311 ,  0.623311844339 ,  0.541630965263 ,  0.529522804669 ,  0.0315109889649 ,  0.420710033885 ,  0.468913721733 ,  0.276559553276 ,  0.237863882472 ,  0.321847637229 ,  -0.0980361519592 ,  0.291605245801 ,  0.351957401503 ,  0.479852618556 ,  0.221111432275 ,  0.373783255371 ,  0.0645733760789 ,  0.316370347192 ,  0.365552530641 ,  0.52118382028 ,  0.35152643919 ,  0.470763393756 ,  0.330994232982 ,  0.579998904026 ,  0.629575379275 ,  0.313873824821 ,  0.677123956334 ,  0.470866054065 ,  0.247016869378 ,  0.456588028633 ,  0.63088137702 ,  0.520950099633 ,  0.413906026206 ,  0.571629194373 ,  0.642635317638 ,  0.420001086796 ,  0.447876977361 ,  0.481231210117 ,  0.0618108092858 ,  0.0307030599918 ,  0.505265950048 ,  0.540258683796 ,  0.462743705569 ,  0.410102532896 ,  0.311783614927 ,  0.26168359847 ,  0.568392693013 ,  0.228608662473 ,  0.301490355592 ,  0.408505735335 ,  0.608597955175 ,  0.481377790487 ,  0.672427662878 ,  0.179882504975 ,  0.436214464366 ,  0.527636643746 ,  0.441758502347 ,  0.67731359671 ,  0.659451211035 ,  0.301991235408 ,  0.426736838228 ,  0.286475134707 ,  0.678673099621 ,  0.145698344544 ,  0.525215370308 ,  0.141763113287 ,  0.631211311158 ,  0.270728442103 ,  0.58602505174 ,  0.531104236968 ,  0.27685617352 ,  0.483721236131 ,  0.619193524289 ,  0.589791734977 ,  0.210939023052 ,  0.420950134862 ,  0.407613982283 ,  0.20633850808 ,  0.349775725864 ,  0.352722542296 ,  0.35772606202 ,  0.255803892045 ,  0.223813371149 ,  0.55576087825 ,  0.481617253648 ,  0.414884198932 ,  0.149779374119 ,  0.151666900777 ,  0.610476163622 ,  0.19503160129 ,  0.513032320295 ,  0.214605897085 ,  0.508914852995 ,  0.452446896407 ,  0.353735970893 ,  0.19242008837 ,  0.484275998292 ,  0.502228145445 ,  0.269348014681 ,  0.146157362424
ANXIOUS ,  0.0544688878352 ,  0.315036673884 ,  0.185857101332 ,  0.301143256718 ,  0.127446915 ,  0.0734550641442 ,  0.204345939716 ,  0.498727600707 ,  0.359924534933 ,  0.205470381047 ,  1.0 ,  0.230473885535 ,  0.250350002496 ,  0.260167894972 ,  0.185203228269 ,  0.214046084971 ,  0.177100663144 ,  0.242602081412 ,  0.0929780583618 ,  0.286741781117 ,  0.221777283801 ,  0.306009933927 ,  0.147108025351 ,  0.244677677157 ,  0.0161350546476 ,  0.149557167249 ,  0.182875588685 ,  0.347325994672 ,  0.147743671388 ,  0.358552041019 ,  0.134510143629 ,  0.245201883207 ,  0.264500468827 ,  0.299711408308 ,  0.126922578399 ,  0.247373166799 ,  0.174784983159 ,  0.170947683892 ,  0.282780367916 ,  0.189067695909 ,  0.165101525185 ,  0.308625702572 ,  0.201045045183 ,  0.387210040304 ,  0.34065621141 ,  0.311953012391 ,  0.212956974827 ,  0.277296909665 ,  0.248776663795 ,  0.505932028558 ,  0.132439430403 ,  0.177386091831 ,  0.063572123248 ,  0.0942365723924 ,  0.149430324088 ,  0.137278072394 ,  0.412211712219 ,  0.390491574677 ,  0.276124293062 ,  0.310197064593 ,  0.245942880561 ,  0.444909222885 ,  0.356481580336 ,  0.279156288745 ,  0.300175027199 ,  0.193899701236 ,  0.14279946616 ,  0.137965015179 ,  0.259059857884 ,  0.202650398298 ,  0.33726061216 ,  0.176297855121 ,  0.207753542154 ,  0.349493575818 ,  0.14768487922 ,  0.315149363612 ,  0.217588467993 ,  0.392809490004 ,  0.171288476324 ,  0.180606135272 ,  0.164736874832 ,  0.496291336812 ,  0.152902543849 ,  0.293868389839 ,  0.241149976507 ,  0.187090198475 ,  0.195617577506 ,  0.153671724349 ,  0.15698060194 ,  0.313391226102 ,  0.188077832571 ,  0.305158761452 ,  0.264713977729 ,  0.0475245744126 ,  0.048489095311 ,  0.0379428140576 ,  0.402519432448 ,  0.252441872593 ,  0.305340013085 ,  0.165193147303 ,  0.131442998951 ,  0.193707864045 ,  0.266462535671 ,  0.158888403823 ,  0.345958914209 ,  0.329728113669 ,  0.329750002219 ,  0.184579721996 ,  0.278494837541 ,  0.10534345012 ,  0.264050072178 ,  0.120563571428 ,  0.38545025929 ,  0.240472184751
APPALLED ,  0.353100228185 ,  0.46104704505 ,  0.231454943964 ,  0.615985155209 ,  -0.00484172383325 ,  0.062886101086 ,  0.644793667997 ,  0.356000068939 ,  0.324846532644 ,  0.630339793226 ,  0.230473885535 ,  1.0 ,  0.342505253817 ,  0.727067186375 ,  0.729113292099 ,  0.654599318048 ,  0.529797184879 ,  0.524339182467 ,  0.0385009265689 ,  0.354756788762 ,  0.504111527806 ,  0.295997829462 ,  0.213602578704 ,  0.30014748163 ,  -0.072687864072 ,  0.2686298762 ,  0.305693564202 ,  0.503673745559 ,  0.231671307794 ,  0.379325296556 ,  0.11798994276 ,  0.32839123031 ,  0.403461045968 ,  0.510108208575 ,  0.358576247125 ,  0.44429463239 ,  0.237193525685 ,  0.627199603861 ,  0.760709994908 ,  0.330468283584 ,  0.574833204657 ,  0.472356237498 ,  0.227334438053 ,  0.492033503092 ,  0.633259418859 ,  0.522198868722 ,  0.449346583907 ,  0.572533313996 ,  0.523599852221 ,  0.419707393138 ,  0.433558089083 ,  0.512943607756 ,  0.0627705292832 ,  -0.00466220985973 ,  0.589481981247 ,  0.425969613472 ,  0.456226788893 ,  0.36316093617 ,  0.352321539684 ,  0.241515926322 ,  0.642081618871 ,  0.245381173977 ,  0.294692324439 ,  0.484555114708 ,  0.70986302731 ,  0.46490678992 ,  0.646139444927 ,  0.177420971511 ,  0.410614899193 ,  0.471004146979 ,  0.38520427766 ,  0.587701650894 ,  0.524407553263 ,  0.299070939276 ,  0.407596803158 ,  0.262823754021 ,  0.609315660203 ,  0.165015597017 ,  0.599060463283 ,  0.162095273645 ,  0.649731299479 ,  0.230811933238 ,  0.59341041343 ,  0.546238203053 ,  0.331303644932 ,  0.407722563398 ,  0.633413657118 ,  0.554328378376 ,  0.209273668838 ,  0.433829824797 ,  0.334615459389 ,  0.136704223541 ,  0.4005092436 ,  0.366582599324 ,  0.295230260162 ,  0.189992377475 ,  0.329198951521 ,  0.706824047737 ,  0.566534808628 ,  0.413624538381 ,  0.104813597667 ,  0.214358365129 ,  0.599356069889 ,  0.216566683457 ,  0.569572231328 ,  0.257963404043 ,  0.508216866361 ,  0.469673360114 ,  0.336165336537 ,  0.281481683348 ,  0.406465393162 ,  0.487617022871 ,  0.283045462379 ,  0.201331142582
ASHAMED ,  0.136499723163 ,  0.234455116606 ,  0.221819713981 ,  0.228966209236 ,  0.0554811128751 ,  0.0294107498267 ,  0.259360283205 ,  0.268856464595 ,  0.179654189866 ,  0.267889988937 ,  0.250350002496 ,  0.342505253817 ,  1.0 ,  0.302278152669 ,  0.285215167875 ,  0.230441493892 ,  0.160617999014 ,  0.294095271487 ,  0.0151267809066 ,  0.205207581694 ,  0.309272526775 ,  0.2120940006 ,  0.0607678255476 ,  0.216410728646 ,  -0.0561373385842 ,  0.089806729138 ,  0.201887234703 ,  0.315785616121 ,  0.0201545638752 ,  0.184244929431 ,  -0.0156431572824 ,  0.25082020159 ,  0.172187397418 ,  0.268063599606 ,  0.138097812974 ,  0.174324965124 ,  0.102257963877 ,  0.265495264305 ,  0.303704745996 ,  0.10838634162 ,  0.21555027701 ,  0.224203782816 ,  0.201823038361 ,  0.289136102404 ,  0.369697213215 ,  0.410889265077 ,  0.219273804487 ,  0.235518722633 ,  0.226501650978 ,  0.327226023617 ,  0.235366992001 ,  0.166930103448 ,  0.00297963930583 ,  0.0170057123477 ,  0.303205384002 ,  0.208485704699 ,  0.356127818646 ,  0.225441252503 ,  0.189916677197 ,  0.164047350226 ,  0.296518820493 ,  0.231610452825 ,  0.104984538211 ,  0.32217529856 ,  0.300016797609 ,  0.233963667161 ,  0.209584454505 ,  0.171149024309 ,  0.207822413398 ,  0.195565638275 ,  0.201580564432 ,  0.224937425882 ,  0.202484296606 ,  0.142121328531 ,  0.24727847649 ,  0.239156509177 ,  0.322219604933 ,  0.127066473879 ,  0.323281271399 ,  0.0518538184545 ,  0.221419371691 ,  0.219865435751 ,  0.266950276264 ,  0.367659197315 ,  0.162417953218 ,  0.250206819083 ,  0.2419300074 ,  0.249046285265 ,  0.222268157334 ,  0.262328650819 ,  0.0220287090806 ,  0.123538789047 ,  0.386042858826 ,  0.182159540524 ,  0.0850264754923 ,  0.0133409742674 ,  0.278696852677 ,  0.313817772424 ,  0.276172950999 ,  0.107095027181 ,  0.0676051360489 ,  0.110034633118 ,  0.2366628975 ,  0.0671131532856 ,  0.236047651755 ,  0.157231049409 ,  0.310146506164 ,  0.176756646908 ,  0.0647674835487 ,  0.122560525012 ,  0.250035666543 ,  0.15970260732 ,  0.294330296211 ,  0.100211456608
ASTONISHED ,  0.279454747586 ,  0.432679075185 ,  0.214975291927 ,  0.594938133131 ,  -0.0598969008743 ,  0.0108983563348 ,  0.656990112713 ,  0.288028331967 ,  0.316445379913 ,  0.638059579812 ,  0.260167894972 ,  0.727067186375 ,  0.302278152669 ,  1.0 ,  0.776813623883 ,  0.693402806215 ,  0.530171509696 ,  0.541583484811 ,  0.0556109711434 ,  0.349320997156 ,  0.514076203552 ,  0.279014029307 ,  0.217165014768 ,  0.28813019355 ,  -0.0881242080993 ,  0.307551828963 ,  0.304850499028 ,  0.517188615543 ,  0.254395282406 ,  0.346374063977 ,  0.107487851762 ,  0.29366005067 ,  0.384861759001 ,  0.494901763887 ,  0.294107644524 ,  0.446411753875 ,  0.246870207323 ,  0.601038757276 ,  0.716497157794 ,  0.31724907273 ,  0.572505745745 ,  0.47239393754 ,  0.227825898755 ,  0.495061701234 ,  0.642884772169 ,  0.511032508884 ,  0.421201371723 ,  0.561790431432 ,  0.500694468313 ,  0.428664751049 ,  0.417821849469 ,  0.546364878237 ,  0.0882796150589 ,  -0.041486718417 ,  0.604238946081 ,  0.44588957953 ,  0.487248978602 ,  0.304552247085 ,  0.343184741502 ,  0.270065063476 ,  0.602925662757 ,  0.21251400164 ,  0.308796995476 ,  0.477317203781 ,  0.711166669172 ,  0.429112542638 ,  0.598812981864 ,  0.208149949804 ,  0.405554128838 ,  0.504165936513 ,  0.397593031263 ,  0.608599872092 ,  0.537595948592 ,  0.351091831263 ,  0.39041219033 ,  0.23025001081 ,  0.613922003237 ,  0.143680605606 ,  0.547974381274 ,  0.191255869786 ,  0.66029223559 ,  0.223462722113 ,  0.566725195205 ,  0.534813149628 ,  0.305270137541 ,  0.418053681229 ,  0.640209717409 ,  0.560160498692 ,  0.244777502625 ,  0.408008352834 ,  0.362704710217 ,  0.148381221793 ,  0.368767507448 ,  0.30478109409 ,  0.335673557189 ,  0.214554160776 ,  0.28233416659 ,  0.643523415144 ,  0.571811595555 ,  0.425825564876 ,  0.115212658876 ,  0.193015371722 ,  0.718905104595 ,  0.19814545234 ,  0.606952336346 ,  0.191288727048 ,  0.521845411361 ,  0.458668088488 ,  0.331222359549 ,  0.270237207205 ,  0.37749488956 ,  0.47773891611 ,  0.244450948408 ,  0.18629917375
ASTOUNDED ,  0.346558176057 ,  0.442646217474 ,  0.199724740818 ,  0.579479498551 ,  -0.0723483985359 ,  0.0209643827518 ,  0.667092551269 ,  0.250115412088 ,  0.320782161107 ,  0.656269935311 ,  0.185203228269 ,  0.729113292099 ,  0.285215167875 ,  0.776813623883 ,  1.0 ,  0.676398673122 ,  0.536184583838 ,  0.531982103655 ,  -0.0164836174443 ,  0.318518304942 ,  0.570833236073 ,  0.265530916087 ,  0.236131923969 ,  0.283442804 ,  -0.0895110816706 ,  0.284408427621 ,  0.274962514256 ,  0.509729699692 ,  0.237310112769 ,  0.303567098878 ,  0.0765860367133 ,  0.274162451654 ,  0.362562163856 ,  0.492824547054 ,  0.36296573224 ,  0.447545955386 ,  0.214709462946 ,  0.66535657877 ,  0.75221538355 ,  0.286012183929 ,  0.648052696113 ,  0.458252703139 ,  0.183228116935 ,  0.47641779018 ,  0.630404568149 ,  0.506433578877 ,  0.412611489549 ,  0.543181430647 ,  0.504180027887 ,  0.400840541811 ,  0.481395769659 ,  0.54296770942 ,  0.0358575724518 ,  -0.0419904007976 ,  0.639914021036 ,  0.477282742947 ,  0.409694856136 ,  0.299385677858 ,  0.319380141756 ,  0.218741878298 ,  0.674847637088 ,  0.197148160407 ,  0.259237723614 ,  0.465296867126 ,  0.689533441614 ,  0.460898491439 ,  0.672632525194 ,  0.156855504228 ,  0.395911520371 ,  0.507629499438 ,  0.35984338323 ,  0.650840793435 ,  0.547454144996 ,  0.285010105265 ,  0.401374211098 ,  0.214312163693 ,  0.661203562285 ,  0.0877022630403 ,  0.592503696521 ,  0.182307975896 ,  0.716959955807 ,  0.176809050395 ,  0.597598399723 ,  0.587229509726 ,  0.30106068524 ,  0.468838645283 ,  0.677049348167 ,  0.624538756544 ,  0.192433675396 ,  0.428621736619 ,  0.343051781719 ,  0.114609571663 ,  0.338020895298 ,  0.369052945639 ,  0.342630711507 ,  0.229969591687 ,  0.246080384374 ,  0.681924363801 ,  0.540768502551 ,  0.450163035883 ,  0.071479967703 ,  0.198255258853 ,  0.664928644025 ,  0.18061181287 ,  0.5613591054 ,  0.146152082695 ,  0.546395901184 ,  0.47880142621 ,  0.323535566806 ,  0.241504332773 ,  0.412263897687 ,  0.5253796017 ,  0.221285408099 ,  0.138018824759
BAFFLED ,  0.354699011546 ,  0.502687876645 ,  0.257994309193 ,  0.644262286 ,  -0.0622401834865 ,  -0.00628016338924 ,  0.618411852288 ,  0.28648699514 ,  0.38208740106 ,  0.623311844339 ,  0.214046084971 ,  0.654599318048 ,  0.230441493892 ,  0.693402806215 ,  0.676398673122 ,  1.0 ,  0.613894879224 ,  0.596209202999 ,  0.00859822579609 ,  0.362327287235 ,  0.451180675627 ,  0.286530278724 ,  0.283443706362 ,  0.325913578952 ,  -0.0948671165323 ,  0.272360480627 ,  0.40784785989 ,  0.442215806245 ,  0.258279380317 ,  0.405401180831 ,  0.132886025154 ,  0.380719061299 ,  0.417591780883 ,  0.468382262827 ,  0.371449095916 ,  0.492263893204 ,  0.314405352888 ,  0.60776627519 ,  0.656341117733 ,  0.394038448326 ,  0.588581464555 ,  0.489523454408 ,  0.271245093428 ,  0.455537311638 ,  0.623409985045 ,  0.504006974294 ,  0.504748571219 ,  0.609678422898 ,  0.546719042573 ,  0.418241023469 ,  0.493764830683 ,  0.543697634505 ,  0.0433587196692 ,  -0.000146453433953 ,  0.563130524806 ,  0.511504515137 ,  0.50600479046 ,  0.306683449281 ,  0.387487635238 ,  0.319204658776 ,  0.550503373359 ,  0.176280364635 ,  0.359391649773 ,  0.510094402095 ,  0.657556257375 ,  0.45864544058 ,  0.635607621623 ,  0.195141348964 ,  0.445115562323 ,  0.571339785095 ,  0.460096296591 ,  0.651185225138 ,  0.564986766987 ,  0.344240248766 ,  0.425273102428 ,  0.222695083969 ,  0.561633667031 ,  0.179687061918 ,  0.541433483034 ,  0.201204266539 ,  0.765424820224 ,  0.256706563254 ,  0.606703739794 ,  0.461694174108 ,  0.368145428298 ,  0.434812707427 ,  0.754617441712 ,  0.595743072844 ,  0.272605973974 ,  0.34843185157 ,  0.453084843356 ,  0.202229372746 ,  0.398159577987 ,  0.381502619304 ,  0.409460630359 ,  0.252129184645 ,  0.24130401752 ,  0.617670038361 ,  0.510354310984 ,  0.543563667027 ,  0.125412797575 ,  0.246933112262 ,  0.663079913836 ,  0.232159941576 ,  0.578022668628 ,  0.233207227264 ,  0.458337748702 ,  0.543615862579 ,  0.432554253807 ,  0.295685923781 ,  0.375632979883 ,  0.596351251218 ,  0.265038851929 ,  0.217324428987
BEFUDDLED ,  0.412451174201 ,  0.533274026582 ,  0.208593938776 ,  0.48052968067 ,  -0.102997443765 ,  -0.0277397630869 ,  0.567209459851 ,  0.262301818051 ,  0.432312193001 ,  0.541630965263 ,  0.177100663144 ,  0.529797184879 ,  0.160617999014 ,  0.530171509696 ,  0.536184583838 ,  0.613894879224 ,  1.0 ,  0.627263139429 ,  0.0408537848477 ,  0.444593436123 ,  0.41367586187 ,  0.191969208269 ,  0.410527995715 ,  0.309934754548 ,  -0.0372930011056 ,  0.31111677137 ,  0.471280384664 ,  0.282179826754 ,  0.293682582611 ,  0.397649895074 ,  0.182934914755 ,  0.396375042618 ,  0.395440127983 ,  0.349523542587 ,  0.366471492267 ,  0.453182258763 ,  0.402662676192 ,  0.622943062845 ,  0.546772617791 ,  0.464617100294 ,  0.520662639171 ,  0.431183300428 ,  0.325231555883 ,  0.398292304252 ,  0.502676659417 ,  0.438489495814 ,  0.632238240584 ,  0.53722047822 ,  0.588437616766 ,  0.328464131411 ,  0.527264825813 ,  0.40865074338 ,  0.110739908423 ,  -0.0395613381887 ,  0.451545372845 ,  0.613115947963 ,  0.467550537455 ,  0.225106341483 ,  0.376018684763 ,  0.349060374222 ,  0.455114201909 ,  0.131366533905 ,  0.529346388442 ,  0.522100461084 ,  0.555021780651 ,  0.513932077139 ,  0.554185746591 ,  0.200347225791 ,  0.454833362266 ,  0.49948528265 ,  0.539260903913 ,  0.583974304134 ,  0.524245753754 ,  0.339848850711 ,  0.312798195166 ,  0.177478795113 ,  0.507569489246 ,  0.183662665619 ,  0.497818266209 ,  0.24564521636 ,  0.624558707039 ,  0.189974655832 ,  0.450144825416 ,  0.347979681376 ,  0.365919420903 ,  0.399315956619 ,  0.630274769252 ,  0.552011370664 ,  0.254405678952 ,  0.224168108224 ,  0.421843773164 ,  0.197882083932 ,  0.38133994223 ,  0.362094080505 ,  0.407624206153 ,  0.280478571308 ,  0.180177837889 ,  0.545102534013 ,  0.382082275032 ,  0.464188615125 ,  0.136664257205 ,  0.301981243127 ,  0.574344976339 ,  0.174174690094 ,  0.465192354336 ,  0.235911109847 ,  0.34450876356 ,  0.656512838787 ,  0.422116222479 ,  0.328843452042 ,  0.28200028866 ,  0.581332097271 ,  0.168297476291 ,  0.256118894774
BEWILDERED ,  0.353212034832 ,  0.553677889146 ,  0.308667007929 ,  0.426413057141 ,  -0.0667431652005 ,  -0.0514214637698 ,  0.534983479747 ,  0.332418498313 ,  0.541709108791 ,  0.529522804669 ,  0.242602081412 ,  0.524339182467 ,  0.294095271487 ,  0.541583484811 ,  0.531982103655 ,  0.596209202999 ,  0.627263139429 ,  1.0 ,  0.0692526377262 ,  0.393916574667 ,  0.440140007169 ,  0.175048458958 ,  0.377157738343 ,  0.31532205126 ,  -0.079588797683 ,  0.222315799373 ,  0.488302665206 ,  0.313956376618 ,  0.175174477043 ,  0.367850095569 ,  0.19191857852 ,  0.485266836394 ,  0.335505821887 ,  0.354515114749 ,  0.330365612978 ,  0.372745565461 ,  0.344677926504 ,  0.601153900468 ,  0.539050133269 ,  0.426014692807 ,  0.456097659282 ,  0.52291361323 ,  0.404666163862 ,  0.447334632351 ,  0.534816969163 ,  0.390687362445 ,  0.601784798739 ,  0.499530808239 ,  0.558320191114 ,  0.32762632143 ,  0.467667902018 ,  0.331724586266 ,  0.0663763862734 ,  -0.0517247063769 ,  0.528875359631 ,  0.550615738427 ,  0.46909887014 ,  0.288258693669 ,  0.427978239743 ,  0.394255911443 ,  0.449240760189 ,  0.186513735675 ,  0.505910222931 ,  0.58135457416 ,  0.583169514344 ,  0.424339624396 ,  0.516507495278 ,  0.251083106006 ,  0.463981882957 ,  0.377321908604 ,  0.526314679881 ,  0.492881194599 ,  0.462304412284 ,  0.401659156684 ,  0.430660694661 ,  0.200436985624 ,  0.554345800171 ,  0.211454424366 ,  0.585039177805 ,  0.305095377425 ,  0.603298142061 ,  0.251491717411 ,  0.416247238806 ,  0.470863403663 ,  0.383415344992 ,  0.435295084951 ,  0.608836675296 ,  0.561100192873 ,  0.348431319547 ,  0.239806608734 ,  0.325308084228 ,  0.211420759168 ,  0.46102101559 ,  0.397302228165 ,  0.355076112954 ,  0.306935089459 ,  0.282824873371 ,  0.549662830448 ,  0.369663101811 ,  0.40998315898 ,  0.164613763077 ,  0.318997680874 ,  0.537238685641 ,  0.153279091813 ,  0.43413367217 ,  0.278601356948 ,  0.338784965485 ,  0.558186257403 ,  0.379985634759 ,  0.332806448407 ,  0.266540721555 ,  0.491315937373 ,  0.218157191055 ,  0.258688657582
