WORDS  , AFFORDABLE , CHEAP , COSTLY , EXORBITANT , EXPENSIVE , FREE , INEXPENSIVE , OVERPRICED , PRICEY
AFFORDABLE ,  1.0 ,  0.436007113523 ,  0.423760779534 ,  0.369171525972 ,  0.496456850782 ,  0.2200176801 ,  0.533662990596 ,  0.36215784095 ,  0.469174571395
CHEAP ,  0.436007113523 ,  1.0 ,  0.40397942661 ,  0.272762983864 ,  0.515168099596 ,  0.296364694065 ,  0.608001172361 ,  0.346654184299 ,  0.39754309088
COSTLY ,  0.423760779534 ,  0.40397942661 ,  1.0 ,  0.370414543694 ,  0.69114623446 ,  0.235887049592 ,  0.513447429632 ,  0.360728356256 ,  0.454732693699
EXORBITANT ,  0.369171525972 ,  0.272762983864 ,  0.370414543694 ,  1.0 ,  0.295595676635 ,  0.121928341074 ,  0.356329482531 ,  0.414616979277 ,  0.367776090254
EXPENSIVE ,  0.496456850782 ,  0.515168099596 ,  0.69114623446 ,  0.295595676635 ,  1.0 ,  0.314348085651 ,  0.628207973776 ,  0.422434826918 ,  0.539281299345
FREE ,  0.2200176801 ,  0.296364694065 ,  0.235887049592 ,  0.121928341074 ,  0.314348085651 ,  1.0 ,  0.282801222116 ,  0.167059841946 ,  0.210288197284
INEXPENSIVE ,  0.533662990596 ,  0.608001172361 ,  0.513447429632 ,  0.356329482531 ,  0.628207973776 ,  0.282801222116 ,  1.0 ,  0.491107425688 ,  0.584895363121
OVERPRICED ,  0.36215784095 ,  0.346654184299 ,  0.360728356256 ,  0.414616979277 ,  0.422434826918 ,  0.167059841946 ,  0.491107425688 ,  1.0 ,  0.599398470293
PRICEY ,  0.469174571395 ,  0.39754309088 ,  0.454732693699 ,  0.367776090254 ,  0.539281299345 ,  0.210288197284 ,  0.584895363121 ,  0.599398470293 ,  1.0
