WORDS  , AFRAID , AGAPE , APPREHENSIVE , CALM , COOL , DISSATISFIED , EMPATHETIC , FAZED , FED , UP , FEVERISH , FOND , FULFILLED , INTERESTED , INTIMIDATED , IRRITATED , NERVOUS , RUEFUL , SATISFIED , SCARED , TAKEN , TERRIFIED , UNFAZED , UPSET , WORKED , UP , WORRIED
AFRAID ,  1.0 ,  0.0188329250409 ,  0.212280672822 ,  0.156935618668 ,  0.108900000809 ,  0.13549408971 ,  0.0213194676718 ,  7.08244630072e-05 ,  0.0752127203608 ,  0.130987228533 ,  -0.0388416482721 ,  0.0557134634056 ,  0.0390725854561 ,  0.221471753985 ,  0.172598006744 ,  0.134212611158 ,  0.230595213374 ,  0.0421146626967 ,  0.316834109567 ,  0.413775855555 ,  0.0960117053476 ,  0.402196562604 ,  0.118055875685 ,  0.259281831927 ,  0.0633996041033 ,  0.130987228533 ,  0.480254312975
AGAPE ,  0.0188329250409 ,  1.0 ,  0.199377549181 ,  0.0767000055502 ,  0.121401642202 ,  0.13141877827 ,  0.189782374725 ,  0.0555306851883 ,  0.00501140701503 ,  0.0398921291701 ,  0.163433143038 ,  0.117016324577 ,  0.0373862490637 ,  0.0824412877687 ,  0.0861889231225 ,  0.0834043893116 ,  0.145378985726 ,  0.114592924453 ,  0.0580782235391 ,  0.0523771933225 ,  -0.000802671517607 ,  0.121040417751 ,  0.170679141025 ,  0.0659998448402 ,  0.0579233860938 ,  0.0398921291701 ,  0.0934439679982
APPREHENSIVE ,  0.212280672822 ,  0.199377549181 ,  1.0 ,  0.203406607307 ,  0.141450953727 ,  0.204633785687 ,  0.187748647862 ,  0.155765788224 ,  0.00639838710673 ,  0.0220117410903 ,  0.211506513875 ,  0.146100438269 ,  0.10872148047 ,  0.132154685253 ,  0.184779437712 ,  0.234369830886 ,  0.411933707489 ,  0.251647856637 ,  0.252046098629 ,  0.269296508386 ,  0.000384254802607 ,  0.342925478176 ,  0.321684058102 ,  0.26720323286 ,  0.0292383484466 ,  0.0220117410903 ,  0.404329436412
CALM ,  0.156935618668 ,  0.0767000055502 ,  0.203406607307 ,  1.0 ,  0.418020897407 ,  -0.0166247361742 ,  0.151512324784 ,  0.111154285651 ,  0.0969053033211 ,  0.0953692345348 ,  0.157215199421 ,  0.0620798174302 ,  0.105426605856 ,  0.0582645197411 ,  0.122954576579 ,  0.136688468682 ,  0.216033024067 ,  0.050958741164 ,  0.148974317569 ,  0.268265489144 ,  0.0525468750486 ,  0.162202782068 ,  0.163908497921 ,  0.230026780262 ,  0.0363883776548 ,  0.0953692345348 ,  0.220758765436
COOL ,  0.108900000809 ,  0.121401642202 ,  0.141450953727 ,  0.418020897407 ,  1.0 ,  0.0461686054421 ,  0.237471297308 ,  0.106773415091 ,  0.0520106551126 ,  0.158008336757 ,  0.172604467755 ,  0.0973059333473 ,  0.105280690124 ,  0.117483305195 ,  0.109713237058 ,  0.108400013372 ,  0.226583069128 ,  0.115049571805 ,  0.125449359233 ,  0.22267194701 ,  0.086274825625 ,  0.129964862684 ,  0.162720249787 ,  0.168445289037 ,  0.0678012291429 ,  0.158008336757 ,  0.136555324109
DISSATISFIED ,  0.13549408971 ,  0.13141877827 ,  0.204633785687 ,  -0.0166247361742 ,  0.0461686054421 ,  1.0 ,  0.241767986802 ,  0.176865290592 ,  0.0573142870351 ,  0.0552089009369 ,  0.132932971887 ,  0.00909469843837 ,  0.155057518735 ,  0.222240878607 ,  0.195964781783 ,  0.260227726629 ,  0.189425324058 ,  0.116434201097 ,  0.407284714987 ,  0.134829011535 ,  0.00019136557987 ,  0.215360328551 ,  0.23564111017 ,  0.195544272521 ,  0.00568527836141 ,  0.0552089009369 ,  0.198467321387
EMPATHETIC ,  0.0213194676718 ,  0.189782374725 ,  0.187748647862 ,  0.151512324784 ,  0.237471297308 ,  0.241767986802 ,  1.0 ,  0.143124352297 ,  0.0124067423512 ,  -0.0157331126081 ,  0.452153337879 ,  0.193597028342 ,  0.0498897378161 ,  0.0743038631943 ,  0.120913604709 ,  0.195329721339 ,  0.185006423883 ,  0.405279690599 ,  0.159570817118 ,  0.0861419710443 ,  -0.0634337442441 ,  0.15029129081 ,  0.191046151255 ,  0.057582361264 ,  -0.0547507096459 ,  -0.0157331126081 ,  0.0325295677806
FAZED ,  7.08244630072e-05 ,  0.0555306851883 ,  0.155765788224 ,  0.111154285651 ,  0.106773415091 ,  0.176865290592 ,  0.143124352297 ,  1.0 ,  0.0850593449426 ,  -0.0589320911484 ,  0.148985020274 ,  0.0460318307431 ,  0.273923993659 ,  0.0811964771285 ,  0.462455759226 ,  0.451389972298 ,  0.0305964644549 ,  0.0606250515946 ,  0.25215952797 ,  0.247214249259 ,  0.000664359098179 ,  0.29911773329 ,  0.607324233228 ,  0.284935123583 ,  -0.0145323291101 ,  -0.0589320911484 ,  0.102599213593
FED ,  0.0752127203608 ,  0.00501140701503 ,  0.00639838710673 ,  0.0969053033211 ,  0.0520106551126 ,  0.0573142870351 ,  0.0124067423512 ,  0.0850593449426 ,  1.0 ,  0.0726339310863 ,  -0.0305578688152 ,  0.00026136377176 ,  0.0745622482868 ,  0.0823259893751 ,  0.106865539363 ,  0.0426389149357 ,  0.0705375963238 ,  0.00909066679252 ,  0.0876922739195 ,  0.0993513874706 ,  0.138250341677 ,  0.0648792669191 ,  0.0601543634381 ,  0.139259434614 ,  0.0959414896073 ,  0.0726339310863 ,  0.137737287038
UP ,  0.130987228533 ,  0.0398921291701 ,  0.0220117410903 ,  0.0953692345348 ,  0.158008336757 ,  0.0552089009369 ,  -0.0157331126081 ,  -0.0589320911484 ,  0.0726339310863 ,  1.0 ,  0.011304100088 ,  -0.0526370408523 ,  0.11796973593 ,  0.153708228037 ,  0.0598064038276 ,  0.0328521047097 ,  0.0950087199433 ,  -0.0655673710157 ,  0.120179810956 ,  0.068047264805 ,  0.212600883287 ,  0.0239243721078 ,  0.0276322646494 ,  0.168661456652 ,  0.204648450776 ,  1.0 ,  0.110609461728
FEVERISH ,  -0.0388416482721 ,  0.163433143038 ,  0.211506513875 ,  0.157215199421 ,  0.172604467755 ,  0.132932971887 ,  0.452153337879 ,  0.148985020274 ,  -0.0305578688152 ,  0.011304100088 ,  1.0 ,  0.199630904982 ,  0.140643536618 ,  0.0206475076899 ,  0.155930081094 ,  0.176100019444 ,  0.217904305853 ,  0.38093454699 ,  0.111922185651 ,  0.0808999369811 ,  -0.0159911772816 ,  0.180845243085 ,  0.219615490138 ,  0.111635320166 ,  -0.0510977095605 ,  0.011304100088 ,  0.0700856094592
FOND ,  0.0557134634056 ,  0.117016324577 ,  0.146100438269 ,  0.0620798174302 ,  0.0973059333473 ,  0.00909469843837 ,  0.193597028342 ,  0.0460318307431 ,  0.00026136377176 ,  -0.0526370408523 ,  0.199630904982 ,  1.0 ,  0.0811953940198 ,  0.11902822833 ,  0.0623697388862 ,  0.0963715331917 ,  0.166944697441 ,  0.271770701419 ,  0.0758177717609 ,  0.0998852357907 ,  -0.00561416958401 ,  0.233191603675 ,  0.0709114922734 ,  0.0296607798064 ,  -0.0219494034649 ,  -0.0526370408523 ,  0.078248637243
FULFILLED ,  0.0390725854561 ,  0.0373862490637 ,  0.10872148047 ,  0.105426605856 ,  0.105280690124 ,  0.155057518735 ,  0.0498897378161 ,  0.273923993659 ,  0.0745622482868 ,  0.11796973593 ,  0.140643536618 ,  0.0811953940198 ,  1.0 ,  0.115895551467 ,  0.245070120156 ,  0.200079716366 ,  0.0671149058252 ,  0.0881193831842 ,  0.326244571952 ,  0.167166874897 ,  0.0901573691717 ,  0.232060331047 ,  0.250002173214 ,  0.2123939636 ,  0.0890498796343 ,  0.11796973593 ,  0.0911505289221
INTERESTED ,  0.221471753985 ,  0.0824412877687 ,  0.132154685253 ,  0.0582645197411 ,  0.117483305195 ,  0.222240878607 ,  0.0743038631943 ,  0.0811964771285 ,  0.0823259893751 ,  0.153708228037 ,  0.0206475076899 ,  0.11902822833 ,  0.115895551467 ,  1.0 ,  0.205153722093 ,  0.188477829182 ,  0.240414038937 ,  0.0623620554843 ,  0.307490639773 ,  0.271573002711 ,  0.112050868077 ,  0.225031705474 ,  0.0514251577252 ,  0.236838256279 ,  0.149011813861 ,  0.153708228037 ,  0.341060877266
INTIMIDATED ,  0.172598006744 ,  0.0861889231225 ,  0.184779437712 ,  0.122954576579 ,  0.109713237058 ,  0.195964781783 ,  0.120913604709 ,  0.462455759226 ,  0.106865539363 ,  0.0598064038276 ,  0.155930081094 ,  0.0623697388862 ,  0.245070120156 ,  0.205153722093 ,  1.0 ,  0.424628614089 ,  0.18350744758 ,  0.0216162342064 ,  0.273067031119 ,  0.398226030693 ,  0.0777938454055 ,  0.456904406521 ,  0.413094183951 ,  0.315270041012 ,  0.0490391001526 ,  0.0598064038276 ,  0.204716690816
IRRITATED ,  0.134212611158 ,  0.0834043893116 ,  0.234369830886 ,  0.136688468682 ,  0.108400013372 ,  0.260227726629 ,  0.195329721339 ,  0.451389972298 ,  0.0426389149357 ,  0.0328521047097 ,  0.176100019444 ,  0.0963715331917 ,  0.200079716366 ,  0.188477829182 ,  0.424628614089 ,  1.0 ,  0.241943291143 ,  0.134905989294 ,  0.432764800729 ,  0.295241485557 ,  -0.044798744571 ,  0.412556805459 ,  0.407776661805 ,  0.42029835602 ,  -0.0118355112792 ,  0.0328521047097 ,  0.243195148732
NERVOUS ,  0.230595213374 ,  0.145378985726 ,  0.411933707489 ,  0.216033024067 ,  0.226583069128 ,  0.189425324058 ,  0.185006423883 ,  0.0305964644549 ,  0.0705375963238 ,  0.0950087199433 ,  0.217904305853 ,  0.166944697441 ,  0.0671149058252 ,  0.240414038937 ,  0.18350744758 ,  0.241943291143 ,  1.0 ,  0.180157372117 ,  0.267869114094 ,  0.329721582209 ,  0.0311319466581 ,  0.363062736377 ,  0.174092591287 ,  0.301326432921 ,  0.0034610435194 ,  0.0950087199433 ,  0.419187544716
RUEFUL ,  0.0421146626967 ,  0.114592924453 ,  0.251647856637 ,  0.050958741164 ,  0.115049571805 ,  0.116434201097 ,  0.405279690599 ,  0.0606250515946 ,  0.00909066679252 ,  -0.0655673710157 ,  0.38093454699 ,  0.271770701419 ,  0.0881193831842 ,  0.0623620554843 ,  0.0216162342064 ,  0.134905989294 ,  0.180157372117 ,  1.0 ,  0.116902189294 ,  0.0738247964612 ,  -0.0337487648855 ,  0.145990176814 ,  0.150465557658 ,  0.0648213390644 ,  -0.0556535187421 ,  -0.0655673710157 ,  0.104156190482
SATISFIED ,  0.316834109567 ,  0.0580782235391 ,  0.252046098629 ,  0.148974317569 ,  0.125449359233 ,  0.407284714987 ,  0.159570817118 ,  0.25215952797 ,  0.0876922739195 ,  0.120179810956 ,  0.111922185651 ,  0.0758177717609 ,  0.326244571952 ,  0.307490639773 ,  0.273067031119 ,  0.432764800729 ,  0.267869114094 ,  0.116902189294 ,  1.0 ,  0.341706433944 ,  0.0913226966169 ,  0.37474328264 ,  0.250452274217 ,  0.417165172213 ,  0.0703024390495 ,  0.120179810956 ,  0.402158160441
SCARED ,  0.413775855555 ,  0.0523771933225 ,  0.269296508386 ,  0.268265489144 ,  0.22267194701 ,  0.134829011535 ,  0.0861419710443 ,  0.247214249259 ,  0.0993513874706 ,  0.068047264805 ,  0.0808999369811 ,  0.0998852357907 ,  0.167166874897 ,  0.271573002711 ,  0.398226030693 ,  0.295241485557 ,  0.329721582209 ,  0.0738247964612 ,  0.341706433944 ,  1.0 ,  0.171813351122 ,  0.556365089468 ,  0.261054518706 ,  0.415518512233 ,  0.156933765131 ,  0.068047264805 ,  0.441615946132
TAKEN ,  0.0960117053476 ,  -0.000802671517607 ,  0.000384254802607 ,  0.0525468750486 ,  0.086274825625 ,  0.00019136557987 ,  -0.0634337442441 ,  0.000664359098179 ,  0.138250341677 ,  0.212600883287 ,  -0.0159911772816 ,  -0.00561416958401 ,  0.0901573691717 ,  0.112050868077 ,  0.0777938454055 ,  -0.044798744571 ,  0.0311319466581 ,  -0.0337487648855 ,  0.0913226966169 ,  0.171813351122 ,  1.0 ,  0.0645720409056 ,  -0.052627529589 ,  0.127483698159 ,  0.338723440812 ,  0.212600883287 ,  0.16461881697
TERRIFIED ,  0.402196562604 ,  0.121040417751 ,  0.342925478176 ,  0.162202782068 ,  0.129964862684 ,  0.215360328551 ,  0.15029129081 ,  0.29911773329 ,  0.0648792669191 ,  0.0239243721078 ,  0.180845243085 ,  0.233191603675 ,  0.232060331047 ,  0.225031705474 ,  0.456904406521 ,  0.412556805459 ,  0.363062736377 ,  0.145990176814 ,  0.37474328264 ,  0.556365089468 ,  0.0645720409056 ,  1.0 ,  0.364344267261 ,  0.340809131788 ,  0.0197750737784 ,  0.0239243721078 ,  0.415420412062
UNFAZED ,  0.118055875685 ,  0.170679141025 ,  0.321684058102 ,  0.163908497921 ,  0.162720249787 ,  0.23564111017 ,  0.191046151255 ,  0.607324233228 ,  0.0601543634381 ,  0.0276322646494 ,  0.219615490138 ,  0.0709114922734 ,  0.250002173214 ,  0.0514251577252 ,  0.413094183951 ,  0.407776661805 ,  0.174092591287 ,  0.150465557658 ,  0.250452274217 ,  0.261054518706 ,  -0.052627529589 ,  0.364344267261 ,  1.0 ,  0.270141623739 ,  -0.0499557385241 ,  0.0276322646494 ,  0.186621876337
UPSET ,  0.259281831927 ,  0.0659998448402 ,  0.26720323286 ,  0.230026780262 ,  0.168445289037 ,  0.195544272521 ,  0.057582361264 ,  0.284935123583 ,  0.139259434614 ,  0.168661456652 ,  0.111635320166 ,  0.0296607798064 ,  0.2123939636 ,  0.236838256279 ,  0.315270041012 ,  0.42029835602 ,  0.301326432921 ,  0.0648213390644 ,  0.417165172213 ,  0.415518512233 ,  0.127483698159 ,  0.340809131788 ,  0.270141623739 ,  1.0 ,  0.120922501831 ,  0.168661456652 ,  0.419405910911
WORKED ,  0.0633996041033 ,  0.0579233860938 ,  0.0292383484466 ,  0.0363883776548 ,  0.0678012291429 ,  0.00568527836141 ,  -0.0547507096459 ,  -0.0145323291101 ,  0.0959414896073 ,  0.204648450776 ,  -0.0510977095605 ,  -0.0219494034649 ,  0.0890498796343 ,  0.149011813861 ,  0.0490391001526 ,  -0.0118355112792 ,  0.0034610435194 ,  -0.0556535187421 ,  0.0703024390495 ,  0.156933765131 ,  0.338723440812 ,  0.0197750737784 ,  -0.0499557385241 ,  0.120922501831 ,  1.0 ,  0.204648450776 ,  0.167163990966
UP ,  0.130987228533 ,  0.0398921291701 ,  0.0220117410903 ,  0.0953692345348 ,  0.158008336757 ,  0.0552089009369 ,  -0.0157331126081 ,  -0.0589320911484 ,  0.0726339310863 ,  1.0 ,  0.011304100088 ,  -0.0526370408523 ,  0.11796973593 ,  0.153708228037 ,  0.0598064038276 ,  0.0328521047097 ,  0.0950087199433 ,  -0.0655673710157 ,  0.120179810956 ,  0.068047264805 ,  0.212600883287 ,  0.0239243721078 ,  0.0276322646494 ,  0.168661456652 ,  0.204648450776 ,  1.0 ,  0.110609461728
WORRIED ,  0.480254312975 ,  0.0934439679982 ,  0.404329436412 ,  0.220758765436 ,  0.136555324109 ,  0.198467321387 ,  0.0325295677806 ,  0.102599213593 ,  0.137737287038 ,  0.110609461728 ,  0.0700856094592 ,  0.078248637243 ,  0.0911505289221 ,  0.341060877266 ,  0.204716690816 ,  0.243195148732 ,  0.419187544716 ,  0.104156190482 ,  0.402158160441 ,  0.441615946132 ,  0.16461881697 ,  0.415420412062 ,  0.186621876337 ,  0.419405910911 ,  0.167163990966 ,  0.110609461728 ,  1.0
