WORDS  , ACE , ADEPT , AMATEUR , AMATEUR , AWFUL , BAD , COMPETENT , CONVERSANT , CRACK , DREADFUL , EXCELLENT , EXPERIENCED , EXPERT , EXPERT , FAMILIAR , FANTASTIC , GOOD , GREAT , INCOMPETENT , INCREDIBLE , INEPT , INEXPERIENCED , KNOWLEDGEABLE , MASTER , MASTER , MEDIOCRE , OUTSTANDING , PROFICIENT , SKILLED , SPLENDID , STUPENDOUS , SUPERB , SUPERLATIVE , TERRIBLE , TERRIFIC , TREMENDOUS , VERSED , WONDERFUL
ACE ,  1.0 ,  0.0334169846257 ,  0.14436752599 ,  0.14436752599 ,  0.00204669456801 ,  0.0151855629398 ,  0.025406039399 ,  -0.0567327260991 ,  0.182061344974 ,  -0.0794573664395 ,  0.0126646025972 ,  0.022939113561 ,  0.158010038336 ,  0.158010038336 ,  0.0377356241906 ,  -0.0126831047019 ,  0.024186481914 ,  0.00730666996801 ,  0.017091998978 ,  -0.0313307857804 ,  -0.0331007342342 ,  0.107822494812 ,  0.0315764097096 ,  0.215532747588 ,  0.215532747588 ,  -0.0416574605841 ,  -0.0278311209048 ,  -0.018274988278 ,  0.0845668649665 ,  -0.0714080304638 ,  -0.0527137686036 ,  -0.0207569091096 ,  0.0545149844399 ,  -0.0200363199312 ,  0.000364049564116 ,  -0.0659199871474 ,  -0.0136495575454 ,  0.016391514385
ADEPT ,  0.0334169846257 ,  1.0 ,  0.129610790157 ,  0.129610790157 ,  0.071817500733 ,  0.0947909611487 ,  0.277917969161 ,  0.238240646673 ,  0.0733835600618 ,  0.145157763656 ,  0.190894049632 ,  0.165713608841 ,  0.074425695554 ,  0.074425695554 ,  0.0492664767245 ,  0.143079806155 ,  0.0979771129213 ,  0.0720131495086 ,  0.259409868081 ,  0.123574274735 ,  0.413160446048 ,  0.322481845097 ,  0.228688129743 ,  0.119933821369 ,  0.119933821369 ,  0.211866532701 ,  0.152774269954 ,  0.435836013495 ,  0.432278054749 ,  0.186470356249 ,  0.171964805565 ,  0.244524915708 ,  0.204098256464 ,  0.082146362335 ,  0.148729396313 ,  0.121790947166 ,  0.289073206694 ,  0.11802360371
AMATEUR ,  0.14436752599 ,  0.129610790157 ,  1.0 ,  1.0 ,  0.0598918347551 ,  0.097629599282 ,  0.217899469173 ,  0.00786522809943 ,  0.0444145396688 ,  0.0900393193351 ,  0.134801620402 ,  0.104390443254 ,  0.132461948067 ,  0.132461948067 ,  0.0799627020352 ,  0.133709669769 ,  0.0821201642353 ,  0.110153352658 ,  0.211831810068 ,  0.0846881114316 ,  0.166880296884 ,  0.237998677012 ,  0.177925524498 ,  0.161061889637 ,  0.161061889637 ,  0.212601293422 ,  0.105232793135 ,  0.15073547089 ,  0.276788515863 ,  0.130989138059 ,  0.104013819032 ,  0.184961981214 ,  0.148815886249 ,  0.0846566759256 ,  0.128475790499 ,  0.106934504677 ,  0.00158623918694 ,  0.0968362710841
AMATEUR ,  0.14436752599 ,  0.129610790157 ,  1.0 ,  1.0 ,  0.0598918347551 ,  0.097629599282 ,  0.217899469173 ,  0.00786522809943 ,  0.0444145396688 ,  0.0900393193351 ,  0.134801620402 ,  0.104390443254 ,  0.132461948067 ,  0.132461948067 ,  0.0799627020352 ,  0.133709669769 ,  0.0821201642353 ,  0.110153352658 ,  0.211831810068 ,  0.0846881114316 ,  0.166880296884 ,  0.237998677012 ,  0.177925524498 ,  0.161061889637 ,  0.161061889637 ,  0.212601293422 ,  0.105232793135 ,  0.15073547089 ,  0.276788515863 ,  0.130989138059 ,  0.104013819032 ,  0.184961981214 ,  0.148815886249 ,  0.0846566759256 ,  0.128475790499 ,  0.106934504677 ,  0.00158623918694 ,  0.0968362710841
AWFUL ,  0.00204669456801 ,  0.071817500733 ,  0.0598918347551 ,  0.0598918347551 ,  1.0 ,  0.330328582018 ,  0.228053514726 ,  -0.039446166597 ,  0.0475598359408 ,  0.548462512804 ,  0.368976704036 ,  0.15222473539 ,  0.000299252723169 ,  0.000299252723169 ,  0.234161006969 ,  0.464579533167 ,  0.316717908639 ,  0.407500543615 ,  0.19383651008 ,  0.576262895781 ,  0.232484310189 ,  0.204148468254 ,  0.179885019392 ,  0.00527651099443 ,  0.00527651099443 ,  0.278390587498 ,  0.323938146762 ,  0.109806745711 ,  0.175373182262 ,  0.414538535628 ,  0.321948297564 ,  0.370024510817 ,  0.156849024298 ,  0.62357816299 ,  0.472709604368 ,  0.509761966931 ,  -0.0397493272694 ,  0.518469320696
BAD ,  0.0151855629398 ,  0.0947909611487 ,  0.097629599282 ,  0.097629599282 ,  0.330328582018 ,  1.0 ,  0.279783543641 ,  -0.00675501844115 ,  0.0731287203322 ,  0.318480711018 ,  0.421638360016 ,  0.173838428143 ,  0.0930807385325 ,  0.0930807385325 ,  0.259331609421 ,  0.364808254966 ,  0.566667591064 ,  0.414027568352 ,  0.250490919335 ,  0.325309008488 ,  0.233842765604 ,  0.253847629643 ,  0.191957689122 ,  0.108923003043 ,  0.108923003043 ,  0.299697614563 ,  0.304530477405 ,  0.126143141158 ,  0.233947548039 ,  0.253500382013 ,  0.191839252956 ,  0.288258433002 ,  0.165728238539 ,  0.521444400142 ,  0.417216440268 ,  0.331984133491 ,  0.0166352409119 ,  0.422275311735
COMPETENT ,  0.025406039399 ,  0.277917969161 ,  0.217899469173 ,  0.217899469173 ,  0.228053514726 ,  0.279783543641 ,  1.0 ,  0.00703382893461 ,  -0.00532783657962 ,  0.209521085426 ,  0.428564154668 ,  0.280277051759 ,  0.169340938206 ,  0.169340938206 ,  0.183584225588 ,  0.326120018178 ,  0.282919784668 ,  0.246290454406 ,  0.592407124754 ,  0.26951458151 ,  0.458572645416 ,  0.534188134597 ,  0.494070921707 ,  0.117616801783 ,  0.117616801783 ,  0.367594924478 ,  0.401805924922 ,  0.287467648858 ,  0.51909370739 ,  0.29145048779 ,  0.246728327237 ,  0.453561159643 ,  0.249053017312 ,  0.250474741947 ,  0.374878923404 ,  0.281180027081 ,  0.0907482039896 ,  0.34832496932
CONVERSANT ,  -0.0567327260991 ,  0.238240646673 ,  0.00786522809943 ,  0.00786522809943 ,  -0.039446166597 ,  -0.00675501844115 ,  0.00703382893461 ,  1.0 ,  0.0162496907827 ,  0.0264098535723 ,  0.00713243606934 ,  0.0200565821063 ,  0.108255549634 ,  0.108255549634 ,  0.150317722541 ,  0.0179483704809 ,  -0.0379256189474 ,  -0.0279408027923 ,  -0.0406595121847 ,  0.00574848563888 ,  0.113844780078 ,  0.146838449321 ,  0.135203919592 ,  0.0594218760032 ,  0.0594218760032 ,  -0.00503457946361 ,  0.0206389312735 ,  0.218354964372 ,  0.163399939983 ,  0.051262086894 ,  -0.0507467685462 ,  0.0761599795563 ,  0.00740846149755 ,  -0.0179214641383 ,  0.0137012263484 ,  -0.029215223565 ,  0.564427747293 ,  0.034817255092
CRACK ,  0.182061344974 ,  0.0733835600618 ,  0.0444145396688 ,  0.0444145396688 ,  0.0475598359408 ,  0.0731287203322 ,  -0.00532783657962 ,  0.0162496907827 ,  1.0 ,  0.00331033725767 ,  0.00717542601465 ,  0.0696838554723 ,  0.00567100324119 ,  0.00567100324119 ,  0.000747741723117 ,  0.000983754407852 ,  0.0418015536462 ,  0.0134646597055 ,  0.0107769109934 ,  0.00403355773203 ,  0.012224232198 ,  0.0788652467499 ,  -0.0131274250061 ,  0.133202606405 ,  0.133202606405 ,  0.0211551539108 ,  0.0257018315649 ,  0.11224665294 ,  0.0455389867535 ,  -0.0287146577196 ,  -0.0189404064183 ,  0.000846950907987 ,  0.0147740189452 ,  0.0410372895674 ,  0.0139678696673 ,  0.0218026096068 ,  0.0757242964619 ,  0.0185672968258
DREADFUL ,  -0.0794573664395 ,  0.145157763656 ,  0.0900393193351 ,  0.0900393193351 ,  0.548462512804 ,  0.318480711018 ,  0.209521085426 ,  0.0264098535723 ,  0.00331033725767 ,  1.0 ,  0.409362029888 ,  0.142467347668 ,  -0.0213735543755 ,  -0.0213735543755 ,  0.200930799427 ,  0.574579073955 ,  0.266188767559 ,  0.36071535712 ,  0.212556745503 ,  0.542516627614 ,  0.32543339238 ,  0.236127377753 ,  0.193936367424 ,  -0.0210013646569 ,  -0.0210013646569 ,  0.439554021591 ,  0.418764813276 ,  0.214937616073 ,  0.173515268834 ,  0.59012479747 ,  0.473169206013 ,  0.479266542165 ,  0.34439268522 ,  0.61814251897 ,  0.522159698011 ,  0.48239845589 ,  0.02089164653 ,  0.469222797284
EXCELLENT ,  0.0126646025972 ,  0.190894049632 ,  0.134801620402 ,  0.134801620402 ,  0.368976704036 ,  0.421638360016 ,  0.428564154668 ,  0.00713243606934 ,  0.00717542601465 ,  0.409362029888 ,  1.0 ,  0.239456736053 ,  0.12502124051 ,  0.12502124051 ,  0.186956229102 ,  0.629879714428 ,  0.527827535752 ,  0.512591726527 ,  0.317347765927 ,  0.540606185639 ,  0.318372948065 ,  0.287997128376 ,  0.269545433464 ,  0.0852369363628 ,  0.0852369363628 ,  0.434184441471 ,  0.598092011605 ,  0.231335036448 ,  0.353016234734 ,  0.523675067963 ,  0.317912799195 ,  0.682838683467 ,  0.306262919064 ,  0.498001110958 ,  0.758026987281 ,  0.525916381573 ,  0.0282756527196 ,  0.640134191914
EXPERIENCED ,  0.022939113561 ,  0.165713608841 ,  0.104390443254 ,  0.104390443254 ,  0.15222473539 ,  0.173838428143 ,  0.280277051759 ,  0.0200565821063 ,  0.0696838554723 ,  0.142467347668 ,  0.239456736053 ,  1.0 ,  0.0834877271359 ,  0.0834877271359 ,  0.115226279893 ,  0.180243106774 ,  0.193403461029 ,  0.182890733453 ,  0.202924194268 ,  0.219575814234 ,  0.207121845844 ,  0.271563369658 ,  0.271219765591 ,  0.107229998944 ,  0.107229998944 ,  0.196790127283 ,  0.273927841729 ,  0.156030677773 ,  0.308382727465 ,  0.168429914352 ,  0.123379863669 ,  0.262791679352 ,  0.100838633772 ,  0.199069628589 ,  0.205572637156 ,  0.254824766943 ,  0.0522373274582 ,  0.236103561354
EXPERT ,  0.158010038336 ,  0.074425695554 ,  0.132461948067 ,  0.132461948067 ,  0.000299252723169 ,  0.0930807385325 ,  0.169340938206 ,  0.108255549634 ,  0.00567100324119 ,  -0.0213735543755 ,  0.12502124051 ,  0.0834877271359 ,  1.0 ,  1.0 ,  0.13267066219 ,  0.036685375299 ,  0.111413401314 ,  0.0978756925754 ,  0.0858224881871 ,  0.0254054864344 ,  0.074663766298 ,  0.109068877478 ,  0.211997538146 ,  0.280437101343 ,  0.280437101343 ,  -0.0346234311751 ,  0.0837577417309 ,  0.0482616119359 ,  0.172826104346 ,  -0.0333235688347 ,  -0.102783061807 ,  0.0522023552368 ,  0.0224154385784 ,  0.0555379545875 ,  0.109262185621 ,  0.0270880330261 ,  0.17031176221 ,  0.107109315235
EXPERT ,  0.158010038336 ,  0.074425695554 ,  0.132461948067 ,  0.132461948067 ,  0.000299252723169 ,  0.0930807385325 ,  0.169340938206 ,  0.108255549634 ,  0.00567100324119 ,  -0.0213735543755 ,  0.12502124051 ,  0.0834877271359 ,  1.0 ,  1.0 ,  0.13267066219 ,  0.036685375299 ,  0.111413401314 ,  0.0978756925754 ,  0.0858224881871 ,  0.0254054864344 ,  0.074663766298 ,  0.109068877478 ,  0.211997538146 ,  0.280437101343 ,  0.280437101343 ,  -0.0346234311751 ,  0.0837577417309 ,  0.0482616119359 ,  0.172826104346 ,  -0.0333235688347 ,  -0.102783061807 ,  0.0522023552368 ,  0.0224154385784 ,  0.0555379545875 ,  0.109262185621 ,  0.0270880330261 ,  0.17031176221 ,  0.107109315235
FAMILIAR ,  0.0377356241906 ,  0.0492664767245 ,  0.0799627020352 ,  0.0799627020352 ,  0.234161006969 ,  0.259331609421 ,  0.183584225588 ,  0.150317722541 ,  0.000747741723117 ,  0.200930799427 ,  0.186956229102 ,  0.115226279893 ,  0.13267066219 ,  0.13267066219 ,  1.0 ,  0.232052978047 ,  0.203485469017 ,  0.194796742426 ,  0.0807020667201 ,  0.282050654026 ,  0.1220748721 ,  0.116332374299 ,  0.240774162857 ,  0.0433076901087 ,  0.0433076901087 ,  0.139932714913 ,  0.174889322742 ,  0.0759247213337 ,  0.149250782024 ,  0.234932424052 ,  0.171854720401 ,  0.169458871972 ,  0.162565983565 ,  0.259873635973 ,  0.218205732068 ,  0.227060840837 ,  0.0773184896848 ,  0.254900071563
FANTASTIC ,  -0.0126831047019 ,  0.143079806155 ,  0.133709669769 ,  0.133709669769 ,  0.464579533167 ,  0.364808254966 ,  0.326120018178 ,  0.0179483704809 ,  0.000983754407852 ,  0.574579073955 ,  0.629879714428 ,  0.180243106774 ,  0.036685375299 ,  0.036685375299 ,  0.232052978047 ,  1.0 ,  0.40781563061 ,  0.516551945958 ,  0.237201952097 ,  0.658628991299 ,  0.258609483487 ,  0.252168728415 ,  0.223654062512 ,  0.0680696845937 ,  0.0680696845937 ,  0.439259417006 ,  0.52838056915 ,  0.162203307976 ,  0.244310592201 ,  0.592427231662 ,  0.414355509619 ,  0.660514426249 ,  0.344025992079 ,  0.54417544393 ,  0.735171326411 ,  0.572423458479 ,  0.0214489648729 ,  0.662717213271
GOOD ,  0.024186481914 ,  0.0979771129213 ,  0.0821201642353 ,  0.0821201642353 ,  0.316717908639 ,  0.566667591064 ,  0.282919784668 ,  -0.0379256189474 ,  0.0418015536462 ,  0.266188767559 ,  0.527827535752 ,  0.193403461029 ,  0.111413401314 ,  0.111413401314 ,  0.203485469017 ,  0.40781563061 ,  1.0 ,  0.570384509135 ,  0.204847339847 ,  0.359265062187 ,  0.169761873907 ,  0.195730145189 ,  0.19187055871 ,  0.101893700804 ,  0.101893700804 ,  0.275793387875 ,  0.361474246768 ,  0.127887160668 ,  0.24161775993 ,  0.300766910313 ,  0.182148309275 ,  0.355883278007 ,  0.159709432332 ,  0.425868554427 ,  0.502505513398 ,  0.359202395288 ,  0.0132251230094 ,  0.523899034013
GREAT ,  0.00730666996801 ,  0.0720131495086 ,  0.110153352658 ,  0.110153352658 ,  0.407500543615 ,  0.414027568352 ,  0.246290454406 ,  -0.0279408027923 ,  0.0134646597055 ,  0.36071535712 ,  0.512591726527 ,  0.182890733453 ,  0.0978756925754 ,  0.0978756925754 ,  0.194796742426 ,  0.516551945958 ,  0.570384509135 ,  1.0 ,  0.195946663193 ,  0.54463334097 ,  0.178224091305 ,  0.193781151825 ,  0.177848538057 ,  0.0680972917117 ,  0.0680972917117 ,  0.25655392787 ,  0.388047634338 ,  0.0835974950639 ,  0.20656840355 ,  0.415142544882 ,  0.255295768528 ,  0.420841095973 ,  0.178328100967 ,  0.513165912046 ,  0.593096388643 ,  0.553366240551 ,  -0.000508153066719 ,  0.646054380805
INCOMPETENT ,  0.017091998978 ,  0.259409868081 ,  0.211831810068 ,  0.211831810068 ,  0.19383651008 ,  0.250490919335 ,  0.592407124754 ,  -0.0406595121847 ,  0.0107769109934 ,  0.212556745503 ,  0.317347765927 ,  0.202924194268 ,  0.0858224881871 ,  0.0858224881871 ,  0.0807020667201 ,  0.237201952097 ,  0.204847339847 ,  0.195946663193 ,  1.0 ,  0.198500570789 ,  0.555160691964 ,  0.543139462664 ,  0.374844550353 ,  0.088574759818 ,  0.088574759818 ,  0.373017520739 ,  0.283667386036 ,  0.230169211031 ,  0.385962663988 ,  0.238761711841 ,  0.204854759101 ,  0.35004603208 ,  0.205836085326 ,  0.249130979534 ,  0.268910313019 ,  0.161628657588 ,  0.0412748506387 ,  0.217518939559
INCREDIBLE ,  -0.0313307857804 ,  0.123574274735 ,  0.0846881114316 ,  0.0846881114316 ,  0.576262895781 ,  0.325309008488 ,  0.26951458151 ,  0.00574848563888 ,  0.00403355773203 ,  0.542516627614 ,  0.540606185639 ,  0.219575814234 ,  0.0254054864344 ,  0.0254054864344 ,  0.282050654026 ,  0.658628991299 ,  0.359265062187 ,  0.54463334097 ,  0.198500570789 ,  1.0 ,  0.249541978877 ,  0.163845446624 ,  0.159074080332 ,  0.062526868937 ,  0.062526868937 ,  0.330282786757 ,  0.462872540938 ,  0.127965928825 ,  0.188520790957 ,  0.539911019018 ,  0.402228073003 ,  0.53917115117 ,  0.281335895861 ,  0.633575109508 ,  0.637510026153 ,  0.724653909619 ,  0.0374518760748 ,  0.670615916833
INEPT ,  -0.0331007342342 ,  0.413160446048 ,  0.166880296884 ,  0.166880296884 ,  0.232484310189 ,  0.233842765604 ,  0.458572645416 ,  0.113844780078 ,  0.012224232198 ,  0.32543339238 ,  0.318372948065 ,  0.207121845844 ,  0.074663766298 ,  0.074663766298 ,  0.1220748721 ,  0.258609483487 ,  0.169761873907 ,  0.178224091305 ,  0.555160691964 ,  0.249541978877 ,  1.0 ,  0.557717064176 ,  0.394817206745 ,  0.0731706276381 ,  0.0731706276381 ,  0.440818991285 ,  0.324482083596 ,  0.322128466131 ,  0.440332542447 ,  0.357482472787 ,  0.382070050784 ,  0.426907711583 ,  0.278384944475 ,  0.296859984684 ,  0.272917666347 ,  0.245497376852 ,  0.180719068719 ,  0.228484522306
INEXPERIENCED ,  0.107822494812 ,  0.322481845097 ,  0.237998677012 ,  0.237998677012 ,  0.204148468254 ,  0.253847629643 ,  0.534188134597 ,  0.146838449321 ,  0.0788652467499 ,  0.236127377753 ,  0.287997128376 ,  0.271563369658 ,  0.109068877478 ,  0.109068877478 ,  0.116332374299 ,  0.252168728415 ,  0.195730145189 ,  0.193781151825 ,  0.543139462664 ,  0.163845446624 ,  0.557717064176 ,  1.0 ,  0.470812858569 ,  0.0973270299245 ,  0.0973270299245 ,  0.435974397597 ,  0.314307119825 ,  0.396269720842 ,  0.5336520412 ,  0.245519285902 ,  0.235652212892 ,  0.382424026164 ,  0.256669926574 ,  0.189464082619 ,  0.276797751082 ,  0.155617563603 ,  0.16965784305 ,  0.237810613791
KNOWLEDGEABLE ,  0.0315764097096 ,  0.228688129743 ,  0.177925524498 ,  0.177925524498 ,  0.179885019392 ,  0.191957689122 ,  0.494070921707 ,  0.135203919592 ,  -0.0131274250061 ,  0.193936367424 ,  0.269545433464 ,  0.271219765591 ,  0.211997538146 ,  0.211997538146 ,  0.240774162857 ,  0.223654062512 ,  0.19187055871 ,  0.177848538057 ,  0.374844550353 ,  0.159074080332 ,  0.394817206745 ,  0.470812858569 ,  1.0 ,  0.111930453792 ,  0.111930453792 ,  0.280425295357 ,  0.304392844388 ,  0.27291990256 ,  0.44075675124 ,  0.244908206944 ,  0.218569675021 ,  0.330706362929 ,  0.200655657316 ,  0.17157586899 ,  0.23917227647 ,  0.146415569749 ,  0.207935462088 ,  0.250652980651
MASTER ,  0.215532747588 ,  0.119933821369 ,  0.161061889637 ,  0.161061889637 ,  0.00527651099443 ,  0.108923003043 ,  0.117616801783 ,  0.0594218760032 ,  0.133202606405 ,  -0.0210013646569 ,  0.0852369363628 ,  0.107229998944 ,  0.280437101343 ,  0.280437101343 ,  0.0433076901087 ,  0.0680696845937 ,  0.101893700804 ,  0.0680972917117 ,  0.088574759818 ,  0.062526868937 ,  0.0731706276381 ,  0.0973270299245 ,  0.111930453792 ,  1.0 ,  1.0 ,  0.0331304847031 ,  0.0594515728062 ,  0.0622669094328 ,  0.172984578645 ,  0.0315783907265 ,  -0.0283685056893 ,  0.0908788889318 ,  0.117509029227 ,  0.0326383521485 ,  0.0646918015651 ,  0.020930472282 ,  0.071383562591 ,  0.0686827000593
MASTER ,  0.215532747588 ,  0.119933821369 ,  0.161061889637 ,  0.161061889637 ,  0.00527651099443 ,  0.108923003043 ,  0.117616801783 ,  0.0594218760032 ,  0.133202606405 ,  -0.0210013646569 ,  0.0852369363628 ,  0.107229998944 ,  0.280437101343 ,  0.280437101343 ,  0.0433076901087 ,  0.0680696845937 ,  0.101893700804 ,  0.0680972917117 ,  0.088574759818 ,  0.062526868937 ,  0.0731706276381 ,  0.0973270299245 ,  0.111930453792 ,  1.0 ,  1.0 ,  0.0331304847031 ,  0.0594515728062 ,  0.0622669094328 ,  0.172984578645 ,  0.0315783907265 ,  -0.0283685056893 ,  0.0908788889318 ,  0.117509029227 ,  0.0326383521485 ,  0.0646918015651 ,  0.020930472282 ,  0.071383562591 ,  0.0686827000593
MEDIOCRE ,  -0.0416574605841 ,  0.211866532701 ,  0.212601293422 ,  0.212601293422 ,  0.278390587498 ,  0.299697614563 ,  0.367594924478 ,  -0.00503457946361 ,  0.0211551539108 ,  0.439554021591 ,  0.434184441471 ,  0.196790127283 ,  -0.0346234311751 ,  -0.0346234311751 ,  0.139932714913 ,  0.439259417006 ,  0.275793387875 ,  0.25655392787 ,  0.373017520739 ,  0.330282786757 ,  0.440818991285 ,  0.435974397597 ,  0.280425295357 ,  0.0331304847031 ,  0.0331304847031 ,  1.0 ,  0.42411185103 ,  0.376974128407 ,  0.31481129945 ,  0.495419877481 ,  0.396385736819 ,  0.507657168085 ,  0.385343853205 ,  0.301726242717 ,  0.440032215763 ,  0.272847610691 ,  0.028914600216 ,  0.336310390307
OUTSTANDING ,  -0.0278311209048 ,  0.152774269954 ,  0.105232793135 ,  0.105232793135 ,  0.323938146762 ,  0.304530477405 ,  0.401805924922 ,  0.0206389312735 ,  0.0257018315649 ,  0.418764813276 ,  0.598092011605 ,  0.273927841729 ,  0.0837577417309 ,  0.0837577417309 ,  0.174889322742 ,  0.52838056915 ,  0.361474246768 ,  0.388047634338 ,  0.283667386036 ,  0.462872540938 ,  0.324482083596 ,  0.314307119825 ,  0.304392844388 ,  0.0594515728062 ,  0.0594515728062 ,  0.42411185103 ,  1.0 ,  0.2418072853 ,  0.324931058516 ,  0.465349688587 ,  0.321404555692 ,  0.616979472188 ,  0.312766377282 ,  0.388331507705 ,  0.604959845137 ,  0.446072857265 ,  0.0709197886861 ,  0.474615039424
PROFICIENT ,  -0.018274988278 ,  0.435836013495 ,  0.15073547089 ,  0.15073547089 ,  0.109806745711 ,  0.126143141158 ,  0.287467648858 ,  0.218354964372 ,  0.11224665294 ,  0.214937616073 ,  0.231335036448 ,  0.156030677773 ,  0.0482616119359 ,  0.0482616119359 ,  0.0759247213337 ,  0.162203307976 ,  0.127887160668 ,  0.0835974950639 ,  0.230169211031 ,  0.127965928825 ,  0.322128466131 ,  0.396269720842 ,  0.27291990256 ,  0.0622669094328 ,  0.0622669094328 ,  0.376974128407 ,  0.2418072853 ,  1.0 ,  0.411049546714 ,  0.229457456957 ,  0.184653940344 ,  0.254707832031 ,  0.182811152341 ,  0.0818166480478 ,  0.186415150085 ,  0.0861029456291 ,  0.348555864157 ,  0.133436632663
SKILLED ,  0.0845668649665 ,  0.432278054749 ,  0.276788515863 ,  0.276788515863 ,  0.175373182262 ,  0.233947548039 ,  0.51909370739 ,  0.163399939983 ,  0.0455389867535 ,  0.173515268834 ,  0.353016234734 ,  0.308382727465 ,  0.172826104346 ,  0.172826104346 ,  0.149250782024 ,  0.244310592201 ,  0.24161775993 ,  0.20656840355 ,  0.385962663988 ,  0.188520790957 ,  0.440332542447 ,  0.5336520412 ,  0.44075675124 ,  0.172984578645 ,  0.172984578645 ,  0.31481129945 ,  0.324931058516 ,  0.411049546714 ,  1.0 ,  0.246344398774 ,  0.194770209249 ,  0.379455209331 ,  0.199898644468 ,  0.177306145002 ,  0.291816608752 ,  0.224278604959 ,  0.223868134015 ,  0.252064202045
SPLENDID ,  -0.0714080304638 ,  0.186470356249 ,  0.130989138059 ,  0.130989138059 ,  0.414538535628 ,  0.253500382013 ,  0.29145048779 ,  0.051262086894 ,  -0.0287146577196 ,  0.59012479747 ,  0.523675067963 ,  0.168429914352 ,  -0.0333235688347 ,  -0.0333235688347 ,  0.234932424052 ,  0.592427231662 ,  0.300766910313 ,  0.415142544882 ,  0.238761711841 ,  0.539911019018 ,  0.357482472787 ,  0.245519285902 ,  0.244908206944 ,  0.0315783907265 ,  0.0315783907265 ,  0.495419877481 ,  0.465349688587 ,  0.229457456957 ,  0.246344398774 ,  1.0 ,  0.497673950251 ,  0.642569526739 ,  0.443306063338 ,  0.447108853828 ,  0.571017921272 ,  0.455137464584 ,  0.0516605026508 ,  0.529305102559
STUPENDOUS ,  -0.0527137686036 ,  0.171964805565 ,  0.104013819032 ,  0.104013819032 ,  0.321948297564 ,  0.191839252956 ,  0.246728327237 ,  -0.0507467685462 ,  -0.0189404064183 ,  0.473169206013 ,  0.317912799195 ,  0.123379863669 ,  -0.102783061807 ,  -0.102783061807 ,  0.171854720401 ,  0.414355509619 ,  0.182148309275 ,  0.255295768528 ,  0.204854759101 ,  0.402228073003 ,  0.382070050784 ,  0.235652212892 ,  0.218569675021 ,  -0.0283685056893 ,  -0.0283685056893 ,  0.396385736819 ,  0.321404555692 ,  0.184653940344 ,  0.194770209249 ,  0.497673950251 ,  1.0 ,  0.447207258102 ,  0.411571499754 ,  0.337610118548 ,  0.365196837279 ,  0.403132107766 ,  -0.013132307888 ,  0.31027649614
SUPERB ,  -0.0207569091096 ,  0.244524915708 ,  0.184961981214 ,  0.184961981214 ,  0.370024510817 ,  0.288258433002 ,  0.453561159643 ,  0.0761599795563 ,  0.000846950907987 ,  0.479266542165 ,  0.682838683467 ,  0.262791679352 ,  0.0522023552368 ,  0.0522023552368 ,  0.169458871972 ,  0.660514426249 ,  0.355883278007 ,  0.420841095973 ,  0.35004603208 ,  0.53917115117 ,  0.426907711583 ,  0.382424026164 ,  0.330706362929 ,  0.0908788889318 ,  0.0908788889318 ,  0.507657168085 ,  0.616979472188 ,  0.254707832031 ,  0.379455209331 ,  0.642569526739 ,  0.447207258102 ,  1.0 ,  0.43361468401 ,  0.418035504732 ,  0.681039085671 ,  0.500206771515 ,  0.0927851159281 ,  0.572826940647
SUPERLATIVE ,  0.0545149844399 ,  0.204098256464 ,  0.148815886249 ,  0.148815886249 ,  0.156849024298 ,  0.165728238539 ,  0.249053017312 ,  0.00740846149755 ,  0.0147740189452 ,  0.34439268522 ,  0.306262919064 ,  0.100838633772 ,  0.0224154385784 ,  0.0224154385784 ,  0.162565983565 ,  0.344025992079 ,  0.159709432332 ,  0.178328100967 ,  0.205836085326 ,  0.281335895861 ,  0.278384944475 ,  0.256669926574 ,  0.200655657316 ,  0.117509029227 ,  0.117509029227 ,  0.385343853205 ,  0.312766377282 ,  0.182811152341 ,  0.199898644468 ,  0.443306063338 ,  0.411571499754 ,  0.43361468401 ,  1.0 ,  0.196652291171 ,  0.313005528143 ,  0.22725320408 ,  0.0468508327066 ,  0.254267113381
TERRIBLE ,  -0.0200363199312 ,  0.082146362335 ,  0.0846566759256 ,  0.0846566759256 ,  0.62357816299 ,  0.521444400142 ,  0.250474741947 ,  -0.0179214641383 ,  0.0410372895674 ,  0.61814251897 ,  0.498001110958 ,  0.199069628589 ,  0.0555379545875 ,  0.0555379545875 ,  0.259873635973 ,  0.54417544393 ,  0.425868554427 ,  0.513165912046 ,  0.249130979534 ,  0.633575109508 ,  0.296859984684 ,  0.189464082619 ,  0.17157586899 ,  0.0326383521485 ,  0.0326383521485 ,  0.301726242717 ,  0.388331507705 ,  0.0818166480478 ,  0.177306145002 ,  0.447108853828 ,  0.337610118548 ,  0.418035504732 ,  0.196652291171 ,  1.0 ,  0.566978742811 ,  0.592853769524 ,  0.00489858944995 ,  0.625858907261
TERRIFIC ,  0.000364049564116 ,  0.148729396313 ,  0.128475790499 ,  0.128475790499 ,  0.472709604368 ,  0.417216440268 ,  0.374878923404 ,  0.0137012263484 ,  0.0139678696673 ,  0.522159698011 ,  0.758026987281 ,  0.205572637156 ,  0.109262185621 ,  0.109262185621 ,  0.218205732068 ,  0.735171326411 ,  0.502505513398 ,  0.593096388643 ,  0.268910313019 ,  0.637510026153 ,  0.272917666347 ,  0.276797751082 ,  0.23917227647 ,  0.0646918015651 ,  0.0646918015651 ,  0.440032215763 ,  0.604959845137 ,  0.186415150085 ,  0.291816608752 ,  0.571017921272 ,  0.365196837279 ,  0.681039085671 ,  0.313005528143 ,  0.566978742811 ,  1.0 ,  0.607373979978 ,  0.0334534207329 ,  0.734787343461
TREMENDOUS ,  -0.0659199871474 ,  0.121790947166 ,  0.106934504677 ,  0.106934504677 ,  0.509761966931 ,  0.331984133491 ,  0.281180027081 ,  -0.029215223565 ,  0.0218026096068 ,  0.48239845589 ,  0.525916381573 ,  0.254824766943 ,  0.0270880330261 ,  0.0270880330261 ,  0.227060840837 ,  0.572423458479 ,  0.359202395288 ,  0.553366240551 ,  0.161628657588 ,  0.724653909619 ,  0.245497376852 ,  0.155617563603 ,  0.146415569749 ,  0.020930472282 ,  0.020930472282 ,  0.272847610691 ,  0.446072857265 ,  0.0861029456291 ,  0.224278604959 ,  0.455137464584 ,  0.403132107766 ,  0.500206771515 ,  0.22725320408 ,  0.592853769524 ,  0.607373979978 ,  1.0 ,  0.0139371660671 ,  0.578154601441
VERSED ,  -0.0136495575454 ,  0.289073206694 ,  0.00158623918694 ,  0.00158623918694 ,  -0.0397493272694 ,  0.0166352409119 ,  0.0907482039896 ,  0.564427747293 ,  0.0757242964619 ,  0.02089164653 ,  0.0282756527196 ,  0.0522373274582 ,  0.17031176221 ,  0.17031176221 ,  0.0773184896848 ,  0.0214489648729 ,  0.0132251230094 ,  -0.000508153066719 ,  0.0412748506387 ,  0.0374518760748 ,  0.180719068719 ,  0.16965784305 ,  0.207935462088 ,  0.071383562591 ,  0.071383562591 ,  0.028914600216 ,  0.0709197886861 ,  0.348555864157 ,  0.223868134015 ,  0.0516605026508 ,  -0.013132307888 ,  0.0927851159281 ,  0.0468508327066 ,  0.00489858944995 ,  0.0334534207329 ,  0.0139371660671 ,  1.0 ,  0.0534129581456
WONDERFUL ,  0.016391514385 ,  0.11802360371 ,  0.0968362710841 ,  0.0968362710841 ,  0.518469320696 ,  0.422275311735 ,  0.34832496932 ,  0.034817255092 ,  0.0185672968258 ,  0.469222797284 ,  0.640134191914 ,  0.236103561354 ,  0.107109315235 ,  0.107109315235 ,  0.254900071563 ,  0.662717213271 ,  0.523899034013 ,  0.646054380805 ,  0.217518939559 ,  0.670615916833 ,  0.228484522306 ,  0.237810613791 ,  0.250652980651 ,  0.0686827000593 ,  0.0686827000593 ,  0.336310390307 ,  0.474615039424 ,  0.133436632663 ,  0.252064202045 ,  0.529305102559 ,  0.31027649614 ,  0.572826940647 ,  0.254267113381 ,  0.625858907261 ,  0.734787343461 ,  0.578154601441 ,  0.0534129581456 ,  1.0
