WORDS  , AUSTERE , ECONOMICAL , EXTRAVAGANT , FRUGAL , PROFLIGATE , SPARING , SPARTAN , THRIFTY , WASTEFUL
AUSTERE ,  1.0 ,  0.342937018772 ,  0.58763288506 ,  0.403640496741 ,  0.460449762331 ,  0.0298014675825 ,  0.396088180919 ,  0.306910804858 ,  0.383393447154
ECONOMICAL ,  0.342937018772 ,  1.0 ,  0.372238111099 ,  0.369176579867 ,  0.312884557202 ,  -0.026556208557 ,  0.321499836167 ,  0.332751667103 ,  0.384236640608
EXTRAVAGANT ,  0.58763288506 ,  0.372238111099 ,  1.0 ,  0.426853187061 ,  0.429631927195 ,  -0.00884702223507 ,  0.339169521537 ,  0.304825054401 ,  0.391359262192
FRUGAL ,  0.403640496741 ,  0.369176579867 ,  0.426853187061 ,  1.0 ,  0.473505526366 ,  0.0721384208004 ,  0.353335296501 ,  0.445418881105 ,  0.360574330343
PROFLIGATE ,  0.460449762331 ,  0.312884557202 ,  0.429631927195 ,  0.473505526366 ,  1.0 ,  0.08352541355 ,  0.230640749918 ,  0.371759631293 ,  0.530489163776
SPARING ,  0.0298014675825 ,  -0.026556208557 ,  -0.00884702223507 ,  0.0721384208004 ,  0.08352541355 ,  1.0 ,  -0.0488862523823 ,  0.00167835989861 ,  0.0328134891151
SPARTAN ,  0.396088180919 ,  0.321499836167 ,  0.339169521537 ,  0.353335296501 ,  0.230640749918 ,  -0.0488862523823 ,  1.0 ,  0.232773012611 ,  0.269586573462
THRIFTY ,  0.306910804858 ,  0.332751667103 ,  0.304825054401 ,  0.445418881105 ,  0.371759631293 ,  0.00167835989861 ,  0.232773012611 ,  1.0 ,  0.264625793246
WASTEFUL ,  0.383393447154 ,  0.384236640608 ,  0.391359262192 ,  0.360574330343 ,  0.530489163776 ,  0.0328134891151 ,  0.269586573462 ,  0.264625793246 ,  1.0
