WORDS  , ADMIRING , APPRECIATIVE , APPROVING , CONTEMPTUOUS , CRITICAL , DERISIVE , DISAPPROVING , DISDAINFUL , REPREHENSIBLE , SCORNFUL , UNCRITICAL
ADMIRING ,  1.0 ,  0.364759664063 ,  0.275791398833 ,  0.367340178951 ,  0.127860047946 ,  0.338102391607 ,  0.329733321755 ,  0.361981398661 ,  0.202096390258 ,  0.377583839532 ,  0.356414081009
APPRECIATIVE ,  0.364759664063 ,  1.0 ,  0.108399221812 ,  0.407554233867 ,  0.235443001328 ,  0.354531268561 ,  0.448027449603 ,  0.381146859362 ,  0.24769091751 ,  0.410080208179 ,  0.374014434453
APPROVING ,  0.275791398833 ,  0.108399221812 ,  1.0 ,  0.0960379107882 ,  0.168452169521 ,  0.0321610792422 ,  0.156600266375 ,  0.121284229529 ,  0.074985988935 ,  0.122742198006 ,  0.120254686736
CONTEMPTUOUS ,  0.367340178951 ,  0.407554233867 ,  0.0960379107882 ,  1.0 ,  0.262081923794 ,  0.534780010179 ,  0.580474753327 ,  0.69985094038 ,  0.334100857936 ,  0.691434807168 ,  0.544265888317
CRITICAL ,  0.127860047946 ,  0.235443001328 ,  0.168452169521 ,  0.262081923794 ,  1.0 ,  0.192772748696 ,  0.220353563931 ,  0.293998751311 ,  0.2411007162 ,  0.244173335002 ,  0.24688229563
DERISIVE ,  0.338102391607 ,  0.354531268561 ,  0.0321610792422 ,  0.534780010179 ,  0.192772748696 ,  1.0 ,  0.438572823081 ,  0.545405758024 ,  0.308855511246 ,  0.528546196927 ,  0.565414770995
DISAPPROVING ,  0.329733321755 ,  0.448027449603 ,  0.156600266375 ,  0.580474753327 ,  0.220353563931 ,  0.438572823081 ,  1.0 ,  0.587403428229 ,  0.245057281187 ,  0.63294515059 ,  0.380464515276
DISDAINFUL ,  0.361981398661 ,  0.381146859362 ,  0.121284229529 ,  0.69985094038 ,  0.293998751311 ,  0.545405758024 ,  0.587403428229 ,  1.0 ,  0.251261580877 ,  0.721301233604 ,  0.524495906534
REPREHENSIBLE ,  0.202096390258 ,  0.24769091751 ,  0.074985988935 ,  0.334100857936 ,  0.2411007162 ,  0.308855511246 ,  0.245057281187 ,  0.251261580877 ,  1.0 ,  0.234450737711 ,  0.265123405968
SCORNFUL ,  0.377583839532 ,  0.410080208179 ,  0.122742198006 ,  0.691434807168 ,  0.244173335002 ,  0.528546196927 ,  0.63294515059 ,  0.721301233604 ,  0.234450737711 ,  1.0 ,  0.500671676031
UNCRITICAL ,  0.356414081009 ,  0.374014434453 ,  0.120254686736 ,  0.544265888317 ,  0.24688229563 ,  0.565414770995 ,  0.380464515276 ,  0.524495906534 ,  0.265123405968 ,  0.500671676031 ,  1.0
