WORDS  , COMMENDABLE , CRITICAL , DISPARAGING , LAUDABLE , LAUDATORY , MOCKING , SCATHING
COMMENDABLE ,  1.0 ,  0.260494795133 ,  0.363384547264 ,  0.611002806067 ,  0.498040963159 ,  0.199152675584 ,  0.404727992763
CRITICAL ,  0.260494795133 ,  1.0 ,  0.221715411501 ,  0.221969832222 ,  0.273926662466 ,  0.072685618651 ,  0.214875195671
DISPARAGING ,  0.363384547264 ,  0.221715411501 ,  1.0 ,  0.299220646982 ,  0.429283257869 ,  0.463406691155 ,  0.320197276947
LAUDABLE ,  0.611002806067 ,  0.221969832222 ,  0.299220646982 ,  1.0 ,  0.364780824653 ,  0.194076437172 ,  0.249976185175
LAUDATORY ,  0.498040963159 ,  0.273926662466 ,  0.429283257869 ,  0.364780824653 ,  1.0 ,  0.247077722349 ,  0.488371702943
MOCKING ,  0.199152675584 ,  0.072685618651 ,  0.463406691155 ,  0.194076437172 ,  0.247077722349 ,  1.0 ,  0.211021297504
SCATHING ,  0.404727992763 ,  0.214875195671 ,  0.320197276947 ,  0.249976185175 ,  0.488371702943 ,  0.211021297504 ,  1.0
