WORDS  , ABUZZ , BUSY , FRENETIC , HECTIC , HOPPING , JUMPING , LIVELY
ABUZZ ,  1.0 ,  0.102298749278 ,  0.122437555543 ,  0.109627647093 ,  0.0638244082335 ,  0.0465342595357 ,  0.155232958155
BUSY ,  0.102298749278 ,  1.0 ,  0.227272955965 ,  0.391038882435 ,  0.0990616777215 ,  0.16223563324 ,  0.224975516527
FRENETIC ,  0.122437555543 ,  0.227272955965 ,  1.0 ,  0.613110119155 ,  0.00279881142303 ,  0.0331807289035 ,  0.485767706404
HECTIC ,  0.109627647093 ,  0.391038882435 ,  0.613110119155 ,  1.0 ,  0.0382408783042 ,  0.0956621313996 ,  0.47634849309
HOPPING ,  0.0638244082335 ,  0.0990616777215 ,  0.00279881142303 ,  0.0382408783042 ,  1.0 ,  0.327619809381 ,  0.0368188118069
JUMPING ,  0.0465342595357 ,  0.16223563324 ,  0.0331807289035 ,  0.0956621313996 ,  0.327619809381 ,  1.0 ,  0.0830361480771
LIVELY ,  0.155232958155 ,  0.224975516527 ,  0.485767706404 ,  0.47634849309 ,  0.0368188118069 ,  0.0830361480771 ,  1.0
