WORDS  , ABSURD , ASTUTE , BRAINLESS , BRILLIANT , CANNY , CARELESS , CRACKERS , CRAFTY , CRAZY , CUNNING , CURIOUS , CYNICAL , DAFT , DILIGENT , DIM , DISCERNING , ENLIGHTENED , FOOLISH , FORGETFUL , FOXY , IDIOTIC , INANE , INATTENTIVE , INGENIOUS , INSIGHTFUL , INTELLIGENT , IRRATIONAL , LUDICROUS , MORONIC , NAIVE , NONSENSICAL , PERCEPTIVE , REASONABLE , RIDICULOUS , SAGE , SENSIBLE , SHREWD , SMART , STUPID , SUSPICIOUS , UNREASONABLE , WISE
ABSURD ,  1.0 ,  0.311471405453 ,  0.133972130191 ,  0.363200752265 ,  0.261236166372 ,  0.356592297213 ,  -0.0766254246444 ,  0.259057324929 ,  0.392450373752 ,  0.260104857496 ,  0.332321324581 ,  0.473820919909 ,  0.093162608439 ,  0.243444695005 ,  0.302115815623 ,  0.20351049815 ,  0.29130367888 ,  0.54625486465 ,  0.256648666813 ,  0.108114178382 ,  0.529139342522 ,  0.457982469878 ,  0.166358212772 ,  0.365040150679 ,  0.427304669162 ,  0.256991041646 ,  0.455831858942 ,  0.666541787682 ,  0.30628395454 ,  0.496013523768 ,  0.499459046547 ,  0.397444027053 ,  0.413907987028 ,  0.735235516198 ,  0.0937038426121 ,  0.419858574319 ,  0.35034574491 ,  0.272872629391 ,  0.484811289611 ,  0.290616748578 ,  0.5056839345 ,  0.317131370917
ASTUTE ,  0.311471405453 ,  1.0 ,  0.234163711592 ,  0.499382067956 ,  0.601969450077 ,  0.409469625262 ,  -0.200215055217 ,  0.553936279753 ,  0.236214045273 ,  0.376570226844 ,  0.254037175808 ,  0.494901042458 ,  0.072349769149 ,  0.514972111257 ,  0.229478667289 ,  0.445425326822 ,  0.467295198692 ,  0.3773662637 ,  0.348346740185 ,  0.169143956226 ,  0.429214641981 ,  0.472906221866 ,  0.30279599413 ,  0.510834375666 ,  0.558729706561 ,  0.327775800267 ,  0.476160944886 ,  0.391421422576 ,  0.400573046781 ,  0.443466647344 ,  0.46302533294 ,  0.538917642566 ,  0.370579345862 ,  0.254738558398 ,  0.0388293723714 ,  0.502859846694 ,  0.700149674262 ,  0.321944245042 ,  0.259345154171 ,  0.186921437916 ,  0.328691142811 ,  0.287822291764
BRAINLESS ,  0.133972130191 ,  0.234163711592 ,  1.0 ,  0.220772391579 ,  0.334395783849 ,  0.257112158965 ,  -0.156497611461 ,  0.375158128988 ,  0.2073057297 ,  0.178408037761 ,  0.111085212852 ,  0.213806102125 ,  0.188408608784 ,  0.260512091522 ,  0.117973305983 ,  0.282915241184 ,  0.270801800218 ,  0.208582905546 ,  0.323790123595 ,  0.268292637443 ,  0.320751845377 ,  0.344543748949 ,  0.29466355928 ,  0.263902051641 ,  0.245950258561 ,  0.153571281743 ,  0.276256412519 ,  0.226587563343 ,  0.464276295264 ,  0.234116756259 ,  0.31766630353 ,  0.399112776694 ,  0.128421200277 ,  0.124199670737 ,  -0.0269516564002 ,  0.236372252656 ,  0.235348791205 ,  0.155099360347 ,  0.195331672017 ,  0.164900939686 ,  0.148677297058 ,  0.0893953050678
BRILLIANT ,  0.363200752265 ,  0.499382067956 ,  0.220772391579 ,  1.0 ,  0.386579723015 ,  0.31469284003 ,  -0.0895986151552 ,  0.430557301086 ,  0.36604656005 ,  0.291526034653 ,  0.234944322255 ,  0.414880641166 ,  0.103129746919 ,  0.368175839053 ,  0.242744604468 ,  0.243459057646 ,  0.330531274077 ,  0.343325765842 ,  0.282970647572 ,  0.111481979522 ,  0.388269234455 ,  0.376700831588 ,  0.136619290381 ,  0.470910673209 ,  0.445364839828 ,  0.340369369719 ,  0.405310816998 ,  0.359564109685 ,  0.318703076335 ,  0.36113321278 ,  0.340805466969 ,  0.394243668252 ,  0.361436591939 ,  0.405169021588 ,  0.122174440053 ,  0.43924907451 ,  0.534178167787 ,  0.373943034338 ,  0.365523641992 ,  0.159433138267 ,  0.242926707094 ,  0.329686311775
CANNY ,  0.261236166372 ,  0.601969450077 ,  0.334395783849 ,  0.386579723015 ,  1.0 ,  0.446115274965 ,  -0.129897275562 ,  0.552179965091 ,  0.236673005096 ,  0.414396834864 ,  0.185790702816 ,  0.425587805955 ,  0.17050419229 ,  0.471307785036 ,  0.209973588716 ,  0.453484610237 ,  0.415147666148 ,  0.298924232228 ,  0.429671220496 ,  0.24864203662 ,  0.434553505624 ,  0.470435230903 ,  0.293102500049 ,  0.448125356099 ,  0.495468687944 ,  0.226846285306 ,  0.463285460543 ,  0.34879240154 ,  0.475850874588 ,  0.367036581211 ,  0.472771514254 ,  0.498586849559 ,  0.244284389997 ,  0.232478547736 ,  0.0860487385347 ,  0.402360435097 ,  0.590061497023 ,  0.262786268224 ,  0.245303485634 ,  0.213296937381 ,  0.252417912626 ,  0.238800635693
CARELESS ,  0.356592297213 ,  0.409469625262 ,  0.257112158965 ,  0.31469284003 ,  0.446115274965 ,  1.0 ,  -0.108638589556 ,  0.497357017703 ,  0.275001779671 ,  0.314192026482 ,  0.220733149536 ,  0.420612876503 ,  0.0780976583834 ,  0.48912740506 ,  0.223023502983 ,  0.339298183141 ,  0.381043210919 ,  0.403530524855 ,  0.478240645694 ,  0.163528597122 ,  0.474682188334 ,  0.444452812494 ,  0.378152747831 ,  0.398405499966 ,  0.396323429292 ,  0.256055854972 ,  0.464179364335 ,  0.387718996398 ,  0.429300165541 ,  0.402339609991 ,  0.476618757427 ,  0.456128648585 ,  0.274901781279 ,  0.347076318328 ,  -0.0256777369488 ,  0.370982349089 ,  0.438324162654 ,  0.235166404395 ,  0.356788961966 ,  0.279996365284 ,  0.36893865056 ,  0.202234095804
CRACKERS ,  -0.0766254246444 ,  -0.200215055217 ,  -0.156497611461 ,  -0.0895986151552 ,  -0.129897275562 ,  -0.108638589556 ,  1.0 ,  -0.113806352767 ,  -0.0355339016388 ,  0.0388668381485 ,  -0.105336333459 ,  -0.0918711277692 ,  -0.0814834146399 ,  -0.14256555856 ,  -0.108480090056 ,  -0.11654739893 ,  -0.196489289846 ,  -0.119323486734 ,  -0.0366207821748 ,  -0.0909535841142 ,  -0.173074404666 ,  -0.152221019717 ,  -0.0994612622309 ,  -0.107438490787 ,  -0.0889895331061 ,  -0.0588345506454 ,  -0.129114920651 ,  -0.167263547157 ,  -0.254849783422 ,  -0.112565710803 ,  -0.244387261384 ,  -0.151392903426 ,  -0.069700617077 ,  -0.0199616266238 ,  0.123480308866 ,  -0.103835334695 ,  -0.107637092931 ,  -0.0253186789609 ,  -0.0185430663411 ,  -0.0516665903759 ,  -0.0928894923524 ,  -0.0753296483492
CRAFTY ,  0.259057324929 ,  0.553936279753 ,  0.375158128988 ,  0.430557301086 ,  0.552179965091 ,  0.497357017703 ,  -0.113806352767 ,  1.0 ,  0.309483336885 ,  0.399447102953 ,  0.214883767739 ,  0.4062497331 ,  0.148290855795 ,  0.46848486135 ,  0.186765285516 ,  0.417480095825 ,  0.398234168114 ,  0.377220523711 ,  0.462804178133 ,  0.224067666464 ,  0.453719633977 ,  0.492656580571 ,  0.326194281678 ,  0.515392506919 ,  0.47585448052 ,  0.302803824065 ,  0.406133987386 ,  0.325845813973 ,  0.455288436179 ,  0.407811634723 ,  0.44400751672 ,  0.56890254825 ,  0.256276600062 ,  0.272805841971 ,  0.0659663447914 ,  0.396701015344 ,  0.561849486749 ,  0.312799691955 ,  0.344464297258 ,  0.237453344862 ,  0.237608027551 ,  0.230823995645
CRAZY ,  0.392450373752 ,  0.236214045273 ,  0.2073057297 ,  0.36604656005 ,  0.236673005096 ,  0.275001779671 ,  -0.0355339016388 ,  0.309483336885 ,  1.0 ,  0.154904405795 ,  0.349777508639 ,  0.381967164988 ,  0.0875450625982 ,  0.184233945442 ,  0.218096206516 ,  0.20540104824 ,  0.259215016905 ,  0.457082022609 ,  0.268344977243 ,  0.124471611519 ,  0.364760456275 ,  0.269819025593 ,  0.130776535204 ,  0.257702679379 ,  0.257243104459 ,  0.303902788445 ,  0.312060829769 ,  0.362233428699 ,  0.208238017397 ,  0.382192126927 ,  0.317247753844 ,  0.295008737844 ,  0.331875153625 ,  0.50876749113 ,  0.0361063845037 ,  0.305763817663 ,  0.290890629682 ,  0.405794318162 ,  0.567657362661 ,  0.344771050939 ,  0.247898484674 ,  0.342935644651
CUNNING ,  0.260104857496 ,  0.376570226844 ,  0.178408037761 ,  0.291526034653 ,  0.414396834864 ,  0.314192026482 ,  0.0388668381485 ,  0.399447102953 ,  0.154904405795 ,  1.0 ,  0.0993459861987 ,  0.356946082758 ,  0.136077286095 ,  0.280134514625 ,  0.122580255134 ,  0.272390485139 ,  0.251473068295 ,  0.275959574289 ,  0.380113369759 ,  0.170528038737 ,  0.299553433789 ,  0.368509192987 ,  0.154109412054 ,  0.366950356949 ,  0.361228518664 ,  0.20366956274 ,  0.340770141649 ,  0.296424551412 ,  0.308220376522 ,  0.286949704587 ,  0.303269540371 ,  0.371016207788 ,  0.146387102801 ,  0.205193737397 ,  0.154703468484 ,  0.245334214546 ,  0.438978029478 ,  0.211682901536 ,  0.24677196444 ,  0.098742817964 ,  0.2447030997 ,  0.194679721177
CURIOUS ,  0.332321324581 ,  0.254037175808 ,  0.111085212852 ,  0.234944322255 ,  0.185790702816 ,  0.220733149536 ,  -0.105336333459 ,  0.214883767739 ,  0.349777508639 ,  0.0993459861987 ,  1.0 ,  0.364917914161 ,  0.0441683048759 ,  0.154411000772 ,  0.167196266187 ,  0.239878363438 ,  0.267113289649 ,  0.27793399044 ,  0.191639974575 ,  0.0699159577094 ,  0.273645672262 ,  0.250679596723 ,  0.108735351175 ,  0.222220622917 ,  0.278552462079 ,  0.260392576879 ,  0.188126558714 ,  0.280291942106 ,  0.176530699881 ,  0.391352879393 ,  0.24029875157 ,  0.263273217901 ,  0.261642026247 ,  0.315203635756 ,  0.00951057827622 ,  0.242839613427 ,  0.187549245209 ,  0.259442697583 ,  0.285740327622 ,  0.357732472594 ,  0.210138721377 ,  0.209445635097
CYNICAL ,  0.473820919909 ,  0.494901042458 ,  0.213806102125 ,  0.414880641166 ,  0.425587805955 ,  0.420612876503 ,  -0.0918711277692 ,  0.4062497331 ,  0.381967164988 ,  0.356946082758 ,  0.364917914161 ,  1.0 ,  0.0878141409935 ,  0.398268410679 ,  0.269369639755 ,  0.331478276894 ,  0.472465534846 ,  0.477912153101 ,  0.389778123808 ,  0.195016623279 ,  0.458598910622 ,  0.46802246998 ,  0.219692686447 ,  0.349754028554 ,  0.497354957538 ,  0.358080232647 ,  0.423037540684 ,  0.414806448156 ,  0.320972204058 ,  0.593047641588 ,  0.447105706439 ,  0.466331573412 ,  0.312004082062 ,  0.424473195516 ,  0.00984475970659 ,  0.392898567064 ,  0.488591569465 ,  0.376201031499 ,  0.428990746988 ,  0.28434042676 ,  0.344653647492 ,  0.335053633528
DAFT ,  0.093162608439 ,  0.072349769149 ,  0.188408608784 ,  0.103129746919 ,  0.17050419229 ,  0.0780976583834 ,  -0.0814834146399 ,  0.148290855795 ,  0.0875450625982 ,  0.136077286095 ,  0.0441683048759 ,  0.0878141409935 ,  1.0 ,  0.078760798345 ,  0.0843424428952 ,  0.13190528704 ,  0.0861613324462 ,  0.145805618855 ,  0.130015622544 ,  0.142976012841 ,  0.107124521802 ,  0.195889054684 ,  0.0862409528923 ,  0.0915134287496 ,  0.159220133193 ,  0.0435482613227 ,  0.160133995964 ,  0.13297643576 ,  0.215960431505 ,  0.142305593365 ,  0.174280477016 ,  0.225390035515 ,  0.00759387801706 ,  0.0478555342036 ,  0.112604959164 ,  0.0438399651547 ,  0.0951197449098 ,  0.104141831581 ,  0.0810843285079 ,  -0.0208047215165 ,  -0.0203455404473 ,  0.0819154278251
DILIGENT ,  0.243444695005 ,  0.514972111257 ,  0.260512091522 ,  0.368175839053 ,  0.471307785036 ,  0.48912740506 ,  -0.14256555856 ,  0.46848486135 ,  0.184233945442 ,  0.280134514625 ,  0.154411000772 ,  0.398268410679 ,  0.078760798345 ,  1.0 ,  0.176619320789 ,  0.399605878915 ,  0.436457974349 ,  0.294327191203 ,  0.416237692005 ,  0.154270477898 ,  0.34162418514 ,  0.351205709659 ,  0.334589419178 ,  0.365461529314 ,  0.406880785907 ,  0.279892702939 ,  0.321544531307 ,  0.276920982929 ,  0.301568650923 ,  0.381373969733 ,  0.424380112541 ,  0.448736824286 ,  0.255406415263 ,  0.196719382727 ,  0.0639336357542 ,  0.40068357027 ,  0.482670997486 ,  0.254579925821 ,  0.216812686647 ,  0.186555022427 ,  0.311509275768 ,  0.223456889413
DIM ,  0.302115815623 ,  0.229478667289 ,  0.117973305983 ,  0.242744604468 ,  0.209973588716 ,  0.223023502983 ,  -0.108480090056 ,  0.186765285516 ,  0.218096206516 ,  0.122580255134 ,  0.167196266187 ,  0.269369639755 ,  0.0843424428952 ,  0.176619320789 ,  1.0 ,  0.208737723319 ,  0.239824443843 ,  0.252424933044 ,  0.173809555155 ,  0.190452269553 ,  0.273798930636 ,  0.276030213123 ,  0.157885441807 ,  0.233390187021 ,  0.229653679981 ,  0.116773168817 ,  0.249497052714 ,  0.308609488305 ,  0.245431792645 ,  0.267085830294 ,  0.322876058129 ,  0.255749888774 ,  0.184621466501 ,  0.254384261652 ,  0.0175899913837 ,  0.233639041484 ,  0.205032515339 ,  0.0982910990967 ,  0.207930309151 ,  0.141927698115 ,  0.213595832783 ,  0.141957373727
DISCERNING ,  0.20351049815 ,  0.445425326822 ,  0.282915241184 ,  0.243459057646 ,  0.453484610237 ,  0.339298183141 ,  -0.11654739893 ,  0.417480095825 ,  0.20540104824 ,  0.272390485139 ,  0.239878363438 ,  0.331478276894 ,  0.13190528704 ,  0.399605878915 ,  0.208737723319 ,  1.0 ,  0.401133439843 ,  0.295984140157 ,  0.409018707822 ,  0.157860503487 ,  0.26960806297 ,  0.336656792008 ,  0.323987934347 ,  0.317824276707 ,  0.339750855045 ,  0.255449808559 ,  0.338641638605 ,  0.221569846854 ,  0.286532572117 ,  0.357787706058 ,  0.345438257202 ,  0.473908373541 ,  0.242354907177 ,  0.161577611351 ,  0.01635407189 ,  0.327279434986 ,  0.360167999873 ,  0.242204144073 ,  0.256201734621 ,  0.212764872409 ,  0.236613060245 ,  0.184011600048
ENLIGHTENED ,  0.29130367888 ,  0.467295198692 ,  0.270801800218 ,  0.330531274077 ,  0.415147666148 ,  0.381043210919 ,  -0.196489289846 ,  0.398234168114 ,  0.259215016905 ,  0.251473068295 ,  0.267113289649 ,  0.472465534846 ,  0.0861613324462 ,  0.436457974349 ,  0.239824443843 ,  0.401133439843 ,  1.0 ,  0.337202378699 ,  0.397590482411 ,  0.200554495613 ,  0.365745484923 ,  0.339838447042 ,  0.362197359159 ,  0.334828871295 ,  0.378048100384 ,  0.321214584406 ,  0.382970131643 ,  0.291413827386 ,  0.331544143925 ,  0.453154749963 ,  0.440453362884 ,  0.443453272135 ,  0.28334533399 ,  0.241610998159 ,  -0.0117134385196 ,  0.441495651626 ,  0.394475428266 ,  0.270714533276 ,  0.300852559273 ,  0.218158892396 ,  0.256719623009 ,  0.232817034363
FOOLISH ,  0.54625486465 ,  0.3773662637 ,  0.208582905546 ,  0.343325765842 ,  0.298924232228 ,  0.403530524855 ,  -0.119323486734 ,  0.377220523711 ,  0.457082022609 ,  0.275959574289 ,  0.27793399044 ,  0.477912153101 ,  0.145805618855 ,  0.294327191203 ,  0.252424933044 ,  0.295984140157 ,  0.337202378699 ,  1.0 ,  0.319437123354 ,  0.19471459326 ,  0.553874211025 ,  0.415846669965 ,  0.230097229447 ,  0.382564475698 ,  0.369679731109 ,  0.332204437639 ,  0.475637105752 ,  0.524122872276 ,  0.33564201422 ,  0.621563749767 ,  0.481647050287 ,  0.431859824097 ,  0.417744070632 ,  0.518485055575 ,  0.0563599126582 ,  0.473802640918 ,  0.469840378888 ,  0.407182936489 ,  0.64156355834 ,  0.249404436598 ,  0.440806836921 ,  0.461581949901
FORGETFUL ,  0.256648666813 ,  0.348346740185 ,  0.323790123595 ,  0.282970647572 ,  0.429671220496 ,  0.478240645694 ,  -0.0366207821748 ,  0.462804178133 ,  0.268344977243 ,  0.380113369759 ,  0.191639974575 ,  0.389778123808 ,  0.130015622544 ,  0.416237692005 ,  0.173809555155 ,  0.409018707822 ,  0.397590482411 ,  0.319437123354 ,  1.0 ,  0.189312570362 ,  0.396658070948 ,  0.434265860971 ,  0.33343863288 ,  0.338377323713 ,  0.418339925438 ,  0.190142857962 ,  0.398900980301 ,  0.303312616917 ,  0.340592534911 ,  0.375784973535 ,  0.41745584234 ,  0.497403694214 ,  0.170589223424 ,  0.242712677927 ,  -0.0221712184799 ,  0.299942047693 ,  0.369260734482 ,  0.207937809358 ,  0.302160671112 ,  0.235898966767 ,  0.235672144642 ,  0.148189442268
FOXY ,  0.108114178382 ,  0.169143956226 ,  0.268292637443 ,  0.111481979522 ,  0.24864203662 ,  0.163528597122 ,  -0.0909535841142 ,  0.224067666464 ,  0.124471611519 ,  0.170528038737 ,  0.0699159577094 ,  0.195016623279 ,  0.142976012841 ,  0.154270477898 ,  0.190452269553 ,  0.157860503487 ,  0.200554495613 ,  0.19471459326 ,  0.189312570362 ,  1.0 ,  0.177889795662 ,  0.173306024891 ,  0.173960566221 ,  0.0949510019543 ,  0.165224484823 ,  0.0327497554783 ,  0.174894186338 ,  0.154367295119 ,  0.254797195949 ,  0.236031367281 ,  0.178918902059 ,  0.170595917244 ,  0.0666505540995 ,  0.125467082206 ,  0.110279877497 ,  0.158213217812 ,  0.155799986882 ,  0.0794747827307 ,  0.135196429956 ,  0.059175404077 ,  0.050333310505 ,  0.116288022445
IDIOTIC ,  0.529139342522 ,  0.429214641981 ,  0.320751845377 ,  0.388269234455 ,  0.434553505624 ,  0.474682188334 ,  -0.173074404666 ,  0.453719633977 ,  0.364760456275 ,  0.299553433789 ,  0.273645672262 ,  0.458598910622 ,  0.107124521802 ,  0.34162418514 ,  0.273798930636 ,  0.26960806297 ,  0.365745484923 ,  0.553874211025 ,  0.396658070948 ,  0.177889795662 ,  1.0 ,  0.662796622319 ,  0.298421797277 ,  0.551771258838 ,  0.503964769174 ,  0.252324380626 ,  0.565207286752 ,  0.600372559402 ,  0.535350223967 ,  0.427549052718 ,  0.676532513878 ,  0.547123372265 ,  0.350421110428 ,  0.504814949883 ,  0.0362173424669 ,  0.498375268018 ,  0.506401279242 ,  0.277568391747 ,  0.491242173966 ,  0.273386341516 ,  0.430122506023 ,  0.268459942273
INANE ,  0.457982469878 ,  0.472906221866 ,  0.344543748949 ,  0.376700831588 ,  0.470435230903 ,  0.444452812494 ,  -0.152221019717 ,  0.492656580571 ,  0.269819025593 ,  0.368509192987 ,  0.250679596723 ,  0.46802246998 ,  0.195889054684 ,  0.351205709659 ,  0.276030213123 ,  0.336656792008 ,  0.339838447042 ,  0.415846669965 ,  0.434265860971 ,  0.173306024891 ,  0.662796622319 ,  1.0 ,  0.296495949507 ,  0.528932625932 ,  0.620482562277 ,  0.236020183973 ,  0.50643102375 ,  0.534586792613 ,  0.557111350341 ,  0.377208667051 ,  0.664247381477 ,  0.631084820656 ,  0.292349570561 ,  0.408057023362 ,  0.0549420631366 ,  0.399077985368 ,  0.474598331337 ,  0.231264526432 ,  0.365322056949 ,  0.233547807043 ,  0.368257763653 ,  0.19827916571
INATTENTIVE ,  0.166358212772 ,  0.30279599413 ,  0.29466355928 ,  0.136619290381 ,  0.293102500049 ,  0.378152747831 ,  -0.0994612622309 ,  0.326194281678 ,  0.130776535204 ,  0.154109412054 ,  0.108735351175 ,  0.219692686447 ,  0.0862409528923 ,  0.334589419178 ,  0.157885441807 ,  0.323987934347 ,  0.362197359159 ,  0.230097229447 ,  0.33343863288 ,  0.173960566221 ,  0.298421797277 ,  0.296495949507 ,  1.0 ,  0.245021906937 ,  0.253003852571 ,  0.145712655289 ,  0.328080734199 ,  0.198209400134 ,  0.275149569807 ,  0.255663215477 ,  0.355752898724 ,  0.309090782193 ,  0.194718614746 ,  0.116992121706 ,  -0.00615681543366 ,  0.297178070928 ,  0.276836310081 ,  0.171694985452 ,  0.207962672325 ,  0.181551400596 ,  0.23725947539 ,  0.139582989314
INGENIOUS ,  0.365040150679 ,  0.510834375666 ,  0.263902051641 ,  0.470910673209 ,  0.448125356099 ,  0.398405499966 ,  -0.107438490787 ,  0.515392506919 ,  0.257702679379 ,  0.366950356949 ,  0.222220622917 ,  0.349754028554 ,  0.0915134287496 ,  0.365461529314 ,  0.233390187021 ,  0.317824276707 ,  0.334828871295 ,  0.382564475698 ,  0.338377323713 ,  0.0949510019543 ,  0.551771258838 ,  0.528932625932 ,  0.245021906937 ,  1.0 ,  0.449322359316 ,  0.251275635251 ,  0.504973266109 ,  0.435438267638 ,  0.439860272034 ,  0.326655459603 ,  0.507751469531 ,  0.480357603515 ,  0.34576531058 ,  0.340449976446 ,  -0.0100449806678 ,  0.492719102569 ,  0.552809392528 ,  0.295121343592 ,  0.347134211622 ,  0.230764670424 ,  0.312650345618 ,  0.194383422685
INSIGHTFUL ,  0.427304669162 ,  0.558729706561 ,  0.245950258561 ,  0.445364839828 ,  0.495468687944 ,  0.396323429292 ,  -0.0889895331061 ,  0.47585448052 ,  0.257243104459 ,  0.361228518664 ,  0.278552462079 ,  0.497354957538 ,  0.159220133193 ,  0.406880785907 ,  0.229653679981 ,  0.339750855045 ,  0.378048100384 ,  0.369679731109 ,  0.418339925438 ,  0.165224484823 ,  0.503964769174 ,  0.620482562277 ,  0.253003852571 ,  0.449322359316 ,  1.0 ,  0.312267020954 ,  0.444799100437 ,  0.452653865835 ,  0.401687673314 ,  0.44299913302 ,  0.54629299422 ,  0.662548421489 ,  0.264686742558 ,  0.36011035375 ,  0.106487960818 ,  0.378372080426 ,  0.49277182699 ,  0.28743391964 ,  0.304433624708 ,  0.231850155773 ,  0.2863222504 ,  0.225436854333
INTELLIGENT ,  0.256991041646 ,  0.327775800267 ,  0.153571281743 ,  0.340369369719 ,  0.226846285306 ,  0.256055854972 ,  -0.0588345506454 ,  0.302803824065 ,  0.303902788445 ,  0.20366956274 ,  0.260392576879 ,  0.358080232647 ,  0.0435482613227 ,  0.279892702939 ,  0.116773168817 ,  0.255449808559 ,  0.321214584406 ,  0.332204437639 ,  0.190142857962 ,  0.0327497554783 ,  0.252324380626 ,  0.236020183973 ,  0.145712655289 ,  0.251275635251 ,  0.312267020954 ,  1.0 ,  0.200752766169 ,  0.233931215299 ,  0.137635054415 ,  0.392286231165 ,  0.239372474614 ,  0.327429331262 ,  0.331808936611 ,  0.291601287177 ,  0.0571296230724 ,  0.377096852453 ,  0.324325070976 ,  0.45321774186 ,  0.374351157241 ,  0.200672543665 ,  0.242047837878 ,  0.341829983461
IRRATIONAL ,  0.455831858942 ,  0.476160944886 ,  0.276256412519 ,  0.405310816998 ,  0.463285460543 ,  0.464179364335 ,  -0.129114920651 ,  0.406133987386 ,  0.312060829769 ,  0.340770141649 ,  0.188126558714 ,  0.423037540684 ,  0.160133995964 ,  0.321544531307 ,  0.249497052714 ,  0.338641638605 ,  0.382970131643 ,  0.475637105752 ,  0.398900980301 ,  0.174894186338 ,  0.565207286752 ,  0.50643102375 ,  0.328080734199 ,  0.504973266109 ,  0.444799100437 ,  0.200752766169 ,  1.0 ,  0.48812856228 ,  0.501012330547 ,  0.436184049914 ,  0.548197753716 ,  0.457138471884 ,  0.392218020039 ,  0.41527580342 ,  -0.0124435758368 ,  0.485860627058 ,  0.540800196017 ,  0.210746780812 ,  0.389120733166 ,  0.221347987383 ,  0.433707029671 ,  0.208847027125
LUDICROUS ,  0.666541787682 ,  0.391421422576 ,  0.226587563343 ,  0.359564109685 ,  0.34879240154 ,  0.387718996398 ,  -0.167263547157 ,  0.325845813973 ,  0.362233428699 ,  0.296424551412 ,  0.280291942106 ,  0.414806448156 ,  0.13297643576 ,  0.276920982929 ,  0.308609488305 ,  0.221569846854 ,  0.291413827386 ,  0.524122872276 ,  0.303312616917 ,  0.154367295119 ,  0.600372559402 ,  0.534586792613 ,  0.198209400134 ,  0.435438267638 ,  0.452653865835 ,  0.233931215299 ,  0.48812856228 ,  1.0 ,  0.417447154603 ,  0.478716324675 ,  0.577107542068 ,  0.449365481623 ,  0.370119386838 ,  0.633353033591 ,  0.041190287229 ,  0.402597048401 ,  0.405322438423 ,  0.262503880886 ,  0.431092023141 ,  0.254701485696 ,  0.491071276703 ,  0.308580166209
MORONIC ,  0.30628395454 ,  0.400573046781 ,  0.464276295264 ,  0.318703076335 ,  0.475850874588 ,  0.429300165541 ,  -0.254849783422 ,  0.455288436179 ,  0.208238017397 ,  0.308220376522 ,  0.176530699881 ,  0.320972204058 ,  0.215960431505 ,  0.301568650923 ,  0.245431792645 ,  0.286532572117 ,  0.331544143925 ,  0.33564201422 ,  0.340592534911 ,  0.254797195949 ,  0.535350223967 ,  0.557111350341 ,  0.275149569807 ,  0.439860272034 ,  0.401687673314 ,  0.137635054415 ,  0.501012330547 ,  0.417447154603 ,  1.0 ,  0.280656105173 ,  0.58922450592 ,  0.513832138201 ,  0.215759582664 ,  0.270488359907 ,  0.00893243544614 ,  0.330784980309 ,  0.410021558927 ,  0.152056299827 ,  0.270179731667 ,  0.20731674607 ,  0.276243728931 ,  0.0868053622584
NAIVE ,  0.496013523768 ,  0.443466647344 ,  0.234116756259 ,  0.36113321278 ,  0.367036581211 ,  0.402339609991 ,  -0.112565710803 ,  0.407811634723 ,  0.382192126927 ,  0.286949704587 ,  0.391352879393 ,  0.593047641588 ,  0.142305593365 ,  0.381373969733 ,  0.267085830294 ,  0.357787706058 ,  0.453154749963 ,  0.621563749767 ,  0.375784973535 ,  0.236031367281 ,  0.427549052718 ,  0.377208667051 ,  0.255663215477 ,  0.326655459603 ,  0.44299913302 ,  0.392286231165 ,  0.436184049914 ,  0.478716324675 ,  0.280656105173 ,  1.0 ,  0.426430973617 ,  0.479051634251 ,  0.404647722361 ,  0.434225710718 ,  0.044173140298 ,  0.436337346143 ,  0.429481522819 ,  0.390411316811 ,  0.501556696244 ,  0.275250485787 ,  0.426351437103 ,  0.384735451602
NONSENSICAL ,  0.499459046547 ,  0.46302533294 ,  0.31766630353 ,  0.340805466969 ,  0.472771514254 ,  0.476618757427 ,  -0.244387261384 ,  0.44400751672 ,  0.317247753844 ,  0.303269540371 ,  0.24029875157 ,  0.447105706439 ,  0.174280477016 ,  0.424380112541 ,  0.322876058129 ,  0.345438257202 ,  0.440453362884 ,  0.481647050287 ,  0.41745584234 ,  0.178918902059 ,  0.676532513878 ,  0.664247381477 ,  0.355752898724 ,  0.507751469531 ,  0.54629299422 ,  0.239372474614 ,  0.548197753716 ,  0.577107542068 ,  0.58922450592 ,  0.426430973617 ,  1.0 ,  0.577444897329 ,  0.317660364842 ,  0.452729112779 ,  0.020205824709 ,  0.438067555022 ,  0.45590006419 ,  0.248775901184 ,  0.372548826155 ,  0.242478900633 ,  0.394080623251 ,  0.205975662161
PERCEPTIVE ,  0.397444027053 ,  0.538917642566 ,  0.399112776694 ,  0.394243668252 ,  0.498586849559 ,  0.456128648585 ,  -0.151392903426 ,  0.56890254825 ,  0.295008737844 ,  0.371016207788 ,  0.263273217901 ,  0.466331573412 ,  0.225390035515 ,  0.448736824286 ,  0.255749888774 ,  0.473908373541 ,  0.443453272135 ,  0.431859824097 ,  0.497403694214 ,  0.170595917244 ,  0.547123372265 ,  0.631084820656 ,  0.309090782193 ,  0.480357603515 ,  0.662548421489 ,  0.327429331262 ,  0.457138471884 ,  0.449365481623 ,  0.513832138201 ,  0.479051634251 ,  0.577444897329 ,  1.0 ,  0.285549243855 ,  0.355410736806 ,  0.0866500148897 ,  0.385084163805 ,  0.49064377806 ,  0.281054358827 ,  0.367747463104 ,  0.279007133737 ,  0.335038406228 ,  0.230809314966
REASONABLE ,  0.413907987028 ,  0.370579345862 ,  0.128421200277 ,  0.361436591939 ,  0.244284389997 ,  0.274901781279 ,  -0.069700617077 ,  0.256276600062 ,  0.331875153625 ,  0.146387102801 ,  0.261642026247 ,  0.312004082062 ,  0.00759387801706 ,  0.255406415263 ,  0.184621466501 ,  0.242354907177 ,  0.28334533399 ,  0.417744070632 ,  0.170589223424 ,  0.0666505540995 ,  0.350421110428 ,  0.292349570561 ,  0.194718614746 ,  0.34576531058 ,  0.264686742558 ,  0.331808936611 ,  0.392218020039 ,  0.370119386838 ,  0.215759582664 ,  0.404647722361 ,  0.317660364842 ,  0.285549243855 ,  1.0 ,  0.421457201321 ,  0.0150594795103 ,  0.529657156398 ,  0.347725137934 ,  0.30838027642 ,  0.38388790179 ,  0.243909218182 ,  0.417961662491 ,  0.327421580134
RIDICULOUS ,  0.735235516198 ,  0.254738558398 ,  0.124199670737 ,  0.405169021588 ,  0.232478547736 ,  0.347076318328 ,  -0.0199616266238 ,  0.272805841971 ,  0.50876749113 ,  0.205193737397 ,  0.315203635756 ,  0.424473195516 ,  0.0478555342036 ,  0.196719382727 ,  0.254384261652 ,  0.161577611351 ,  0.241610998159 ,  0.518485055575 ,  0.242712677927 ,  0.125467082206 ,  0.504814949883 ,  0.408057023362 ,  0.116992121706 ,  0.340449976446 ,  0.36011035375 ,  0.291601287177 ,  0.41527580342 ,  0.633353033591 ,  0.270488359907 ,  0.434225710718 ,  0.452729112779 ,  0.355410736806 ,  0.421457201321 ,  1.0 ,  0.0695586795784 ,  0.403374579244 ,  0.343651351755 ,  0.328052832662 ,  0.586382887433 ,  0.32709212455 ,  0.436334798542 ,  0.31454386842
SAGE ,  0.0937038426121 ,  0.0388293723714 ,  -0.0269516564002 ,  0.122174440053 ,  0.0860487385347 ,  -0.0256777369488 ,  0.123480308866 ,  0.0659663447914 ,  0.0361063845037 ,  0.154703468484 ,  0.00951057827622 ,  0.00984475970659 ,  0.112604959164 ,  0.0639336357542 ,  0.0175899913837 ,  0.01635407189 ,  -0.0117134385196 ,  0.0563599126582 ,  -0.0221712184799 ,  0.110279877497 ,  0.0362173424669 ,  0.0549420631366 ,  -0.00615681543366 ,  -0.0100449806678 ,  0.106487960818 ,  0.0571296230724 ,  -0.0124435758368 ,  0.041190287229 ,  0.00893243544614 ,  0.044173140298 ,  0.020205824709 ,  0.0866500148897 ,  0.0150594795103 ,  0.0695586795784 ,  1.0 ,  0.0467532955694 ,  0.0494987537563 ,  0.0624804322802 ,  0.0663013651206 ,  0.0405586771317 ,  0.00420282700025 ,  0.124751862594
SENSIBLE ,  0.419858574319 ,  0.502859846694 ,  0.236372252656 ,  0.43924907451 ,  0.402360435097 ,  0.370982349089 ,  -0.103835334695 ,  0.396701015344 ,  0.305763817663 ,  0.245334214546 ,  0.242839613427 ,  0.392898567064 ,  0.0438399651547 ,  0.40068357027 ,  0.233639041484 ,  0.327279434986 ,  0.441495651626 ,  0.473802640918 ,  0.299942047693 ,  0.158213217812 ,  0.498375268018 ,  0.399077985368 ,  0.297178070928 ,  0.492719102569 ,  0.378372080426 ,  0.377096852453 ,  0.485860627058 ,  0.402597048401 ,  0.330784980309 ,  0.436337346143 ,  0.438067555022 ,  0.385084163805 ,  0.529657156398 ,  0.403374579244 ,  0.0467532955694 ,  1.0 ,  0.528274612773 ,  0.377923450388 ,  0.429648670749 ,  0.240194409152 ,  0.380703847646 ,  0.370786975489
SHREWD ,  0.35034574491 ,  0.700149674262 ,  0.235348791205 ,  0.534178167787 ,  0.590061497023 ,  0.438324162654 ,  -0.107637092931 ,  0.561849486749 ,  0.290890629682 ,  0.438978029478 ,  0.187549245209 ,  0.488591569465 ,  0.0951197449098 ,  0.482670997486 ,  0.205032515339 ,  0.360167999873 ,  0.394475428266 ,  0.469840378888 ,  0.369260734482 ,  0.155799986882 ,  0.506401279242 ,  0.474598331337 ,  0.276836310081 ,  0.552809392528 ,  0.49277182699 ,  0.324325070976 ,  0.540800196017 ,  0.405322438423 ,  0.410021558927 ,  0.429481522819 ,  0.45590006419 ,  0.49064377806 ,  0.347725137934 ,  0.343651351755 ,  0.0494987537563 ,  0.528274612773 ,  1.0 ,  0.392421933657 ,  0.37414231226 ,  0.181670517617 ,  0.341007879594 ,  0.330396255347
SMART ,  0.272872629391 ,  0.321944245042 ,  0.155099360347 ,  0.373943034338 ,  0.262786268224 ,  0.235166404395 ,  -0.0253186789609 ,  0.312799691955 ,  0.405794318162 ,  0.211682901536 ,  0.259442697583 ,  0.376201031499 ,  0.104141831581 ,  0.254579925821 ,  0.0982910990967 ,  0.242204144073 ,  0.270714533276 ,  0.407182936489 ,  0.207937809358 ,  0.0794747827307 ,  0.277568391747 ,  0.231264526432 ,  0.171694985452 ,  0.295121343592 ,  0.28743391964 ,  0.45321774186 ,  0.210746780812 ,  0.262503880886 ,  0.152056299827 ,  0.390411316811 ,  0.248775901184 ,  0.281054358827 ,  0.30838027642 ,  0.328052832662 ,  0.0624804322802 ,  0.377923450388 ,  0.392421933657 ,  1.0 ,  0.470802403871 ,  0.263301186821 ,  0.20826002975 ,  0.452019510485
STUPID ,  0.484811289611 ,  0.259345154171 ,  0.195331672017 ,  0.365523641992 ,  0.245303485634 ,  0.356788961966 ,  -0.0185430663411 ,  0.344464297258 ,  0.567657362661 ,  0.24677196444 ,  0.285740327622 ,  0.428990746988 ,  0.0810843285079 ,  0.216812686647 ,  0.207930309151 ,  0.256201734621 ,  0.300852559273 ,  0.64156355834 ,  0.302160671112 ,  0.135196429956 ,  0.491242173966 ,  0.365322056949 ,  0.207962672325 ,  0.347134211622 ,  0.304433624708 ,  0.374351157241 ,  0.389120733166 ,  0.431092023141 ,  0.270179731667 ,  0.501556696244 ,  0.372548826155 ,  0.367747463104 ,  0.38388790179 ,  0.586382887433 ,  0.0663013651206 ,  0.429648670749 ,  0.37414231226 ,  0.470802403871 ,  1.0 ,  0.306115830709 ,  0.342851526876 ,  0.413778462163
SUSPICIOUS ,  0.290616748578 ,  0.186921437916 ,  0.164900939686 ,  0.159433138267 ,  0.213296937381 ,  0.279996365284 ,  -0.0516665903759 ,  0.237453344862 ,  0.344771050939 ,  0.098742817964 ,  0.357732472594 ,  0.28434042676 ,  -0.0208047215165 ,  0.186555022427 ,  0.141927698115 ,  0.212764872409 ,  0.218158892396 ,  0.249404436598 ,  0.235898966767 ,  0.059175404077 ,  0.273386341516 ,  0.233547807043 ,  0.181551400596 ,  0.230764670424 ,  0.231850155773 ,  0.200672543665 ,  0.221347987383 ,  0.254701485696 ,  0.20731674607 ,  0.275250485787 ,  0.242478900633 ,  0.279007133737 ,  0.243909218182 ,  0.32709212455 ,  0.0405586771317 ,  0.240194409152 ,  0.181670517617 ,  0.263301186821 ,  0.306115830709 ,  1.0 ,  0.224155055318 ,  0.134443716027
UNREASONABLE ,  0.5056839345 ,  0.328691142811 ,  0.148677297058 ,  0.242926707094 ,  0.252417912626 ,  0.36893865056 ,  -0.0928894923524 ,  0.237608027551 ,  0.247898484674 ,  0.2447030997 ,  0.210138721377 ,  0.344653647492 ,  -0.0203455404473 ,  0.311509275768 ,  0.213595832783 ,  0.236613060245 ,  0.256719623009 ,  0.440806836921 ,  0.235672144642 ,  0.050333310505 ,  0.430122506023 ,  0.368257763653 ,  0.23725947539 ,  0.312650345618 ,  0.2863222504 ,  0.242047837878 ,  0.433707029671 ,  0.491071276703 ,  0.276243728931 ,  0.426351437103 ,  0.394080623251 ,  0.335038406228 ,  0.417961662491 ,  0.436334798542 ,  0.00420282700025 ,  0.380703847646 ,  0.341007879594 ,  0.20826002975 ,  0.342851526876 ,  0.224155055318 ,  1.0 ,  0.256266813747
WISE ,  0.317131370917 ,  0.287822291764 ,  0.0893953050678 ,  0.329686311775 ,  0.238800635693 ,  0.202234095804 ,  -0.0753296483492 ,  0.230823995645 ,  0.342935644651 ,  0.194679721177 ,  0.209445635097 ,  0.335053633528 ,  0.0819154278251 ,  0.223456889413 ,  0.141957373727 ,  0.184011600048 ,  0.232817034363 ,  0.461581949901 ,  0.148189442268 ,  0.116288022445 ,  0.268459942273 ,  0.19827916571 ,  0.139582989314 ,  0.194383422685 ,  0.225436854333 ,  0.341829983461 ,  0.208847027125 ,  0.308580166209 ,  0.0868053622584 ,  0.384735451602 ,  0.205975662161 ,  0.230809314966 ,  0.327421580134 ,  0.31454386842 ,  0.124751862594 ,  0.370786975489 ,  0.330396255347 ,  0.452019510485 ,  0.413778462163 ,  0.134443716027 ,  0.256266813747 ,  1.0
