WORDS  , BAD , BASE , CORRUPT , DECENT , DEGENERATE , DEPRAVED , DISHONORABLE , ETHICAL , EVIL , FELONIOUS , FOUL , GOOD , HEINOUS , HONORABLE , IMMORAL , IMPROPER , INSIDIOUS , LOW , MORAL , NEFARIOUS , RIGHT , RIGHTEOUS , SINFUL , UNETHICAL , UNSCRUPULOUS , UPSTANDING , VILE , VILLAINOUS , VIRTUOUS , WICKED , WRONG
BAD ,  1.0 ,  0.0553739636288 ,  0.202316337942 ,  0.387150909055 ,  0.039329754071 ,  0.137023084535 ,  0.140416603009 ,  0.210321309449 ,  0.280460130236 ,  0.0995472803695 ,  0.154440355448 ,  0.566667591064 ,  0.194685893211 ,  0.190729781762 ,  0.257876565188 ,  0.293563714245 ,  0.202242258392 ,  0.273201646927 ,  0.196037135032 ,  0.189737434193 ,  0.213852174904 ,  0.117112978058 ,  0.185189201224 ,  0.230846789808 ,  0.132668118066 ,  0.147700019677 ,  0.144163957136 ,  0.14727351843 ,  0.213925650897 ,  0.262556726244 ,  0.322048271
BASE ,  0.0553739636288 ,  1.0 ,  -0.0166029136739 ,  0.0268938532722 ,  -0.0296335667366 ,  -0.100742447968 ,  -0.081107726757 ,  -0.01447339699 ,  0.000962477927687 ,  -0.0739248457022 ,  0.0272678143897 ,  0.0589704531251 ,  -0.0630714796575 ,  -0.0158966767168 ,  -0.0377547605672 ,  0.0324054731732 ,  -0.0588820474005 ,  0.0784710283334 ,  0.0301660853044 ,  -0.0325229840003 ,  0.146446535258 ,  -0.0362453321253 ,  -0.0680062936558 ,  -0.0246738759941 ,  -0.0220632375142 ,  -0.0801055508163 ,  -0.0386349947256 ,  -0.0707229870643 ,  -0.0934531522273 ,  -0.02873183845 ,  0.0787717116577
CORRUPT ,  0.202316337942 ,  -0.0166029136739 ,  1.0 ,  0.221942493269 ,  0.160827532692 ,  0.252443186362 ,  0.189162747264 ,  0.269571660749 ,  0.287587062493 ,  0.209952331595 ,  0.0687878024026 ,  0.134739585347 ,  0.283576401084 ,  0.280525963804 ,  0.427916251797 ,  0.271498196312 ,  0.284075287169 ,  0.119232321503 ,  0.212364491011 ,  0.306953472087 ,  0.0608615347636 ,  0.185403410263 ,  0.267607140354 ,  0.405859411585 ,  0.349834358475 ,  0.277441947959 ,  0.293291403805 ,  0.234342513787 ,  0.335057381544 ,  0.182623401797 ,  0.128061742936
DECENT ,  0.387150909055 ,  0.0268938532722 ,  0.221942493269 ,  1.0 ,  0.059656146694 ,  0.18747910633 ,  0.216002673374 ,  0.294920415519 ,  0.165460586688 ,  0.0899815915522 ,  0.0749671151166 ,  0.460748089633 ,  0.270355046549 ,  0.433785429778 ,  0.270694178632 ,  0.264847699497 ,  0.211697284122 ,  0.241397453708 ,  0.303474843575 ,  0.192534992271 ,  0.178133700645 ,  0.147037865065 ,  0.28797135783 ,  0.2401608341 ,  0.192914998024 ,  0.398937206266 ,  0.174579935955 ,  0.261052012882 ,  0.353119334141 ,  0.291940994372 ,  0.244984204533
DEGENERATE ,  0.039329754071 ,  -0.0296335667366 ,  0.160827532692 ,  0.059656146694 ,  1.0 ,  0.308054531928 ,  0.191380725425 ,  0.0212347501968 ,  0.125159914818 ,  0.159660673671 ,  0.100017521955 ,  0.00271910345047 ,  0.179670031907 ,  0.0483042609741 ,  0.169476948209 ,  0.0423378290854 ,  0.225508623156 ,  0.037669716432 ,  0.0144460581056 ,  0.196087803232 ,  -0.0341610660478 ,  0.171696055136 ,  0.283324591246 ,  0.155957246826 ,  0.0595339220691 ,  0.164544166969 ,  0.334303375482 ,  0.226209500881 ,  0.226316714294 ,  0.166069971102 ,  0.00620437718847
DEPRAVED ,  0.137023084535 ,  -0.100742447968 ,  0.252443186362 ,  0.18747910633 ,  0.308054531928 ,  1.0 ,  0.418072724867 ,  0.263892774659 ,  0.150188209475 ,  0.401483196542 ,  0.0320515011842 ,  0.044608718403 ,  0.38430651014 ,  0.240914681073 ,  0.415535908406 ,  0.20009626198 ,  0.4824935769 ,  0.0731156455885 ,  0.267666306789 ,  0.419248463437 ,  -0.0339145903228 ,  0.399256137929 ,  0.562677077798 ,  0.353420924876 ,  0.169541743537 ,  0.351559686228 ,  0.498930481705 ,  0.428371896183 ,  0.494223532067 ,  0.316777141253 ,  0.0563695613693
DISHONORABLE ,  0.140416603009 ,  -0.081107726757 ,  0.189162747264 ,  0.216002673374 ,  0.191380725425 ,  0.418072724867 ,  1.0 ,  0.257868018356 ,  0.125760723337 ,  0.390268937758 ,  0.0997729521685 ,  0.0937375162469 ,  0.358883115913 ,  0.415532572294 ,  0.391416257957 ,  0.296816857709 ,  0.389274191177 ,  0.0022743513836 ,  0.254689803653 ,  0.454992674847 ,  -0.0100184700378 ,  0.321896010563 ,  0.437408282187 ,  0.376579571314 ,  0.163056909673 ,  0.254995221699 ,  0.338750708948 ,  0.356898562887 ,  0.381324603892 ,  0.243865101059 ,  0.115617311605
ETHICAL ,  0.210321309449 ,  -0.01447339699 ,  0.269571660749 ,  0.294920415519 ,  0.0212347501968 ,  0.263892774659 ,  0.257868018356 ,  1.0 ,  0.225782101439 ,  0.198239986831 ,  0.147141863564 ,  0.197255005996 ,  0.294978096328 ,  0.335461407489 ,  0.346605845453 ,  0.326271414033 ,  0.340478062065 ,  0.11182707091 ,  0.57376389922 ,  0.313214873423 ,  0.0916429851361 ,  0.189536509689 ,  0.268405963817 ,  0.390683536983 ,  0.143428059943 ,  0.250912210738 ,  0.222307941056 ,  0.262422731298 ,  0.256176155746 ,  0.187546770839 ,  0.167654204103
EVIL ,  0.280460130236 ,  0.000962477927687 ,  0.287587062493 ,  0.165460586688 ,  0.125159914818 ,  0.150188209475 ,  0.125760723337 ,  0.225782101439 ,  1.0 ,  0.0474162410698 ,  0.0472813932316 ,  0.17511538279 ,  0.219167699281 ,  0.223024529294 ,  0.325429220619 ,  0.17412338111 ,  0.222794081471 ,  0.0789620487613 ,  0.203650189739 ,  0.217595276717 ,  0.120362584275 ,  0.132898021461 ,  0.184314883885 ,  0.235397537877 ,  0.1263300373 ,  0.164507593763 ,  0.213855720984 ,  0.216768349967 ,  0.217667315615 ,  0.338159198006 ,  0.198180789901
FELONIOUS ,  0.0995472803695 ,  -0.0739248457022 ,  0.209952331595 ,  0.0899815915522 ,  0.159660673671 ,  0.401483196542 ,  0.390268937758 ,  0.198239986831 ,  0.0474162410698 ,  1.0 ,  -0.0128534751133 ,  0.0258663265412 ,  0.387875392577 ,  0.17094751669 ,  0.344779533157 ,  0.244845072978 ,  0.304058901873 ,  0.0166504212621 ,  0.173759869267 ,  0.438319395748 ,  -0.0500389653786 ,  0.237199822642 ,  0.345923815798 ,  0.376063112021 ,  0.225621915942 ,  0.308566724081 ,  0.327448596952 ,  0.347006211374 ,  0.284702582124 ,  0.172500803778 ,  0.0346145065129
FOUL ,  0.154440355448 ,  0.0272678143897 ,  0.0687878024026 ,  0.0749671151166 ,  0.100017521955 ,  0.0320515011842 ,  0.0997729521685 ,  0.147141863564 ,  0.0472813932316 ,  -0.0128534751133 ,  1.0 ,  0.0626348229543 ,  0.0561384596711 ,  0.0217868361368 ,  0.0840260951989 ,  0.147835910589 ,  0.095864422222 ,  0.158900076663 ,  0.0580824702331 ,  0.0967589801636 ,  0.0348013196721 ,  0.117558004694 ,  0.0400312909634 ,  0.0871390408673 ,  0.0557702989932 ,  0.00615208594759 ,  0.0984135157027 ,  0.031739235367 ,  0.0350831043954 ,  0.0757410336497 ,  0.086948307676
GOOD ,  0.566667591064 ,  0.0589704531251 ,  0.134739585347 ,  0.460748089633 ,  0.00271910345047 ,  0.044608718403 ,  0.0937375162469 ,  0.197255005996 ,  0.17511538279 ,  0.0258663265412 ,  0.0626348229543 ,  1.0 ,  0.130231953471 ,  0.205313834587 ,  0.167172932019 ,  0.217753403802 ,  0.105888706987 ,  0.240528335712 ,  0.224845705154 ,  0.139449806106 ,  0.27505613184 ,  0.058097937564 ,  0.122263116557 ,  0.140927377196 ,  0.0895165444627 ,  0.182603059593 ,  0.0769930752734 ,  0.13272845553 ,  0.163239471099 ,  0.150156251832 ,  0.289627983686
HEINOUS ,  0.194685893211 ,  -0.0630714796575 ,  0.283576401084 ,  0.270355046549 ,  0.179670031907 ,  0.38430651014 ,  0.358883115913 ,  0.294978096328 ,  0.219167699281 ,  0.387875392577 ,  0.0561384596711 ,  0.130231953471 ,  1.0 ,  0.299443570523 ,  0.478067973248 ,  0.268874077674 ,  0.492291837645 ,  0.0803418193275 ,  0.262652758987 ,  0.392083779846 ,  0.0173371939216 ,  0.233335661229 ,  0.405578874849 ,  0.431581256385 ,  0.139398342875 ,  0.285522453201 ,  0.430070842499 ,  0.309003891426 ,  0.344700450419 ,  0.298125751486 ,  0.080505418065
HONORABLE ,  0.190729781762 ,  -0.0158966767168 ,  0.280525963804 ,  0.433785429778 ,  0.0483042609741 ,  0.240914681073 ,  0.415532572294 ,  0.335461407489 ,  0.223024529294 ,  0.17094751669 ,  0.0217868361368 ,  0.205313834587 ,  0.299443570523 ,  1.0 ,  0.357420052609 ,  0.245499034116 ,  0.241781638751 ,  0.0687501991241 ,  0.314344241669 ,  0.270137102001 ,  0.125512969051 ,  0.254562144775 ,  0.284739638006 ,  0.294723133525 ,  0.208806173168 ,  0.398540342245 ,  0.197731213571 ,  0.377698435885 ,  0.35254685649 ,  0.236079190815 ,  0.16168781143
IMMORAL ,  0.257876565188 ,  -0.0377547605672 ,  0.427916251797 ,  0.270694178632 ,  0.169476948209 ,  0.415535908406 ,  0.391416257957 ,  0.346605845453 ,  0.325429220619 ,  0.344779533157 ,  0.0840260951989 ,  0.167172932019 ,  0.478067973248 ,  0.357420052609 ,  1.0 ,  0.389192589038 ,  0.419364876553 ,  0.0915302024459 ,  0.288242431585 ,  0.400683813184 ,  0.0742258582692 ,  0.223977725407 ,  0.521354542074 ,  0.587912586049 ,  0.27389061715 ,  0.284684474261 ,  0.444652916217 ,  0.297620273751 ,  0.43899493135 ,  0.313372962579 ,  0.223380423182
IMPROPER ,  0.293563714245 ,  0.0324054731732 ,  0.271498196312 ,  0.264847699497 ,  0.0423378290854 ,  0.20009626198 ,  0.296816857709 ,  0.326271414033 ,  0.17412338111 ,  0.244845072978 ,  0.147835910589 ,  0.217753403802 ,  0.268874077674 ,  0.245499034116 ,  0.389192589038 ,  1.0 ,  0.303514388295 ,  0.154093411339 ,  0.245752793063 ,  0.312658890982 ,  0.112510793392 ,  0.105279995514 ,  0.257021212109 ,  0.557216316991 ,  0.187371579021 ,  0.0902519192527 ,  0.264977208842 ,  0.150556943979 ,  0.236016040684 ,  0.188052256822 ,  0.255490552831
INSIDIOUS ,  0.202242258392 ,  -0.0588820474005 ,  0.284075287169 ,  0.211697284122 ,  0.225508623156 ,  0.4824935769 ,  0.389274191177 ,  0.340478062065 ,  0.222794081471 ,  0.304058901873 ,  0.095864422222 ,  0.105888706987 ,  0.492291837645 ,  0.241781638751 ,  0.419364876553 ,  0.303514388295 ,  1.0 ,  0.069241768286 ,  0.32297316564 ,  0.500580644075 ,  0.0234293984959 ,  0.30979785055 ,  0.449694063568 ,  0.405630009197 ,  0.141578110046 ,  0.324352935413 ,  0.512610153078 ,  0.399658021492 ,  0.409108498332 ,  0.358748401722 ,  0.118619177252
LOW ,  0.273201646927 ,  0.0784710283334 ,  0.119232321503 ,  0.241397453708 ,  0.037669716432 ,  0.0731156455885 ,  0.0022743513836 ,  0.11182707091 ,  0.0789620487613 ,  0.0166504212621 ,  0.158900076663 ,  0.240528335712 ,  0.0803418193275 ,  0.0687501991241 ,  0.0915302024459 ,  0.154093411339 ,  0.069241768286 ,  1.0 ,  0.104633279139 ,  0.0543613087828 ,  0.220930307217 ,  0.0438335966966 ,  0.064105911029 ,  0.100289047507 ,  0.0816022027257 ,  0.0381463421708 ,  0.0667445218808 ,  0.0429141806303 ,  0.107118647826 ,  0.0647910297831 ,  0.168185617787
MORAL ,  0.196037135032 ,  0.0301660853044 ,  0.212364491011 ,  0.303474843575 ,  0.0144460581056 ,  0.267666306789 ,  0.254689803653 ,  0.57376389922 ,  0.203650189739 ,  0.173759869267 ,  0.0580824702331 ,  0.224845705154 ,  0.262652758987 ,  0.314344241669 ,  0.288242431585 ,  0.245752793063 ,  0.32297316564 ,  0.104633279139 ,  1.0 ,  0.25255518453 ,  0.122415807632 ,  0.225608497734 ,  0.240702022998 ,  0.234780860336 ,  0.0387456834092 ,  0.227759319974 ,  0.188839203203 ,  0.232653836037 ,  0.221316799383 ,  0.207404253353 ,  0.156012224571
NEFARIOUS ,  0.189737434193 ,  -0.0325229840003 ,  0.306953472087 ,  0.192534992271 ,  0.196087803232 ,  0.419248463437 ,  0.454992674847 ,  0.313214873423 ,  0.217595276717 ,  0.438319395748 ,  0.0967589801636 ,  0.139449806106 ,  0.392083779846 ,  0.270137102001 ,  0.400683813184 ,  0.312658890982 ,  0.500580644075 ,  0.0543613087828 ,  0.25255518453 ,  1.0 ,  -0.00937440946976 ,  0.265003568012 ,  0.43697737359 ,  0.410201738987 ,  0.246322022819 ,  0.297655634119 ,  0.391673455301 ,  0.47667322267 ,  0.341949612669 ,  0.281911947244 ,  0.0739858536712
RIGHT ,  0.213852174904 ,  0.146446535258 ,  0.0608615347636 ,  0.178133700645 ,  -0.0341610660478 ,  -0.0339145903228 ,  -0.0100184700378 ,  0.0916429851361 ,  0.120362584275 ,  -0.0500389653786 ,  0.0348013196721 ,  0.27505613184 ,  0.0173371939216 ,  0.125512969051 ,  0.0742258582692 ,  0.112510793392 ,  0.0234293984959 ,  0.220930307217 ,  0.122415807632 ,  -0.00937440946976 ,  1.0 ,  0.0131824536031 ,  0.052317704788 ,  0.0520350331254 ,  -0.0159561367927 ,  0.00980784549663 ,  -0.00774861098295 ,  0.0147662957609 ,  0.0247055370447 ,  0.0436017953548 ,  0.398797180554
RIGHTEOUS ,  0.117112978058 ,  -0.0362453321253 ,  0.185403410263 ,  0.147037865065 ,  0.171696055136 ,  0.399256137929 ,  0.321896010563 ,  0.189536509689 ,  0.132898021461 ,  0.237199822642 ,  0.117558004694 ,  0.058097937564 ,  0.233335661229 ,  0.254562144775 ,  0.223977725407 ,  0.105279995514 ,  0.30979785055 ,  0.0438335966966 ,  0.225608497734 ,  0.265003568012 ,  0.0131824536031 ,  1.0 ,  0.321899340906 ,  0.191180195503 ,  0.10390637366 ,  0.267883593297 ,  0.331920018341 ,  0.36481425056 ,  0.301711805776 ,  0.300714441679 ,  0.0208124772653
SINFUL ,  0.185189201224 ,  -0.0680062936558 ,  0.267607140354 ,  0.28797135783 ,  0.283324591246 ,  0.562677077798 ,  0.437408282187 ,  0.268405963817 ,  0.184314883885 ,  0.345923815798 ,  0.0400312909634 ,  0.122263116557 ,  0.405578874849 ,  0.284739638006 ,  0.521354542074 ,  0.257021212109 ,  0.449694063568 ,  0.064105911029 ,  0.240702022998 ,  0.43697737359 ,  0.052317704788 ,  0.321899340906 ,  1.0 ,  0.417393755794 ,  0.154823478599 ,  0.335238780466 ,  0.434259841844 ,  0.424388540629 ,  0.531939880026 ,  0.351387004074 ,  0.147938824057
UNETHICAL ,  0.230846789808 ,  -0.0246738759941 ,  0.405859411585 ,  0.2401608341 ,  0.155957246826 ,  0.353420924876 ,  0.376579571314 ,  0.390683536983 ,  0.235397537877 ,  0.376063112021 ,  0.0871390408673 ,  0.140927377196 ,  0.431581256385 ,  0.294723133525 ,  0.587912586049 ,  0.557216316991 ,  0.405630009197 ,  0.100289047507 ,  0.234780860336 ,  0.410201738987 ,  0.0520350331254 ,  0.191180195503 ,  0.417393755794 ,  1.0 ,  0.278960843131 ,  0.252512239768 ,  0.432866695858 ,  0.272245297583 ,  0.379898079038 ,  0.215377399406 ,  0.191075886206
UNSCRUPULOUS ,  0.132668118066 ,  -0.0220632375142 ,  0.349834358475 ,  0.192914998024 ,  0.0595339220691 ,  0.169541743537 ,  0.163056909673 ,  0.143428059943 ,  0.1263300373 ,  0.225621915942 ,  0.0557702989932 ,  0.0895165444627 ,  0.139398342875 ,  0.208806173168 ,  0.27389061715 ,  0.187371579021 ,  0.141578110046 ,  0.0816022027257 ,  0.0387456834092 ,  0.246322022819 ,  -0.0159561367927 ,  0.10390637366 ,  0.154823478599 ,  0.278960843131 ,  1.0 ,  0.382498914468 ,  0.171341410293 ,  0.276689906771 ,  0.233595627558 ,  0.082814359634 ,  0.0376921836524
UPSTANDING ,  0.147700019677 ,  -0.0801055508163 ,  0.277441947959 ,  0.398937206266 ,  0.164544166969 ,  0.351559686228 ,  0.254995221699 ,  0.250912210738 ,  0.164507593763 ,  0.308566724081 ,  0.00615208594759 ,  0.182603059593 ,  0.285522453201 ,  0.398540342245 ,  0.284684474261 ,  0.0902519192527 ,  0.324352935413 ,  0.0381463421708 ,  0.227759319974 ,  0.297655634119 ,  0.00980784549663 ,  0.267883593297 ,  0.335238780466 ,  0.252512239768 ,  0.382498914468 ,  1.0 ,  0.289644259818 ,  0.51600615545 ,  0.508401607651 ,  0.247868300735 ,  0.0439487600987
VILE ,  0.144163957136 ,  -0.0386349947256 ,  0.293291403805 ,  0.174579935955 ,  0.334303375482 ,  0.498930481705 ,  0.338750708948 ,  0.222307941056 ,  0.213855720984 ,  0.327448596952 ,  0.0984135157027 ,  0.0769930752734 ,  0.430070842499 ,  0.197731213571 ,  0.444652916217 ,  0.264977208842 ,  0.512610153078 ,  0.0667445218808 ,  0.188839203203 ,  0.391673455301 ,  -0.00774861098295 ,  0.331920018341 ,  0.434259841844 ,  0.432866695858 ,  0.171341410293 ,  0.289644259818 ,  1.0 ,  0.406187343035 ,  0.368538321016 ,  0.359247214988 ,  0.0352124768223
VILLAINOUS ,  0.14727351843 ,  -0.0707229870643 ,  0.234342513787 ,  0.261052012882 ,  0.226209500881 ,  0.428371896183 ,  0.356898562887 ,  0.262422731298 ,  0.216768349967 ,  0.347006211374 ,  0.031739235367 ,  0.13272845553 ,  0.309003891426 ,  0.377698435885 ,  0.297620273751 ,  0.150556943979 ,  0.399658021492 ,  0.0429141806303 ,  0.232653836037 ,  0.47667322267 ,  0.0147662957609 ,  0.36481425056 ,  0.424388540629 ,  0.272245297583 ,  0.276689906771 ,  0.51600615545 ,  0.406187343035 ,  1.0 ,  0.405657465209 ,  0.332800370841 ,  0.0530374642091
VIRTUOUS ,  0.213925650897 ,  -0.0934531522273 ,  0.335057381544 ,  0.353119334141 ,  0.226316714294 ,  0.494223532067 ,  0.381324603892 ,  0.256176155746 ,  0.217667315615 ,  0.284702582124 ,  0.0350831043954 ,  0.163239471099 ,  0.344700450419 ,  0.35254685649 ,  0.43899493135 ,  0.236016040684 ,  0.409108498332 ,  0.107118647826 ,  0.221316799383 ,  0.341949612669 ,  0.0247055370447 ,  0.301711805776 ,  0.531939880026 ,  0.379898079038 ,  0.233595627558 ,  0.508401607651 ,  0.368538321016 ,  0.405657465209 ,  1.0 ,  0.353827763866 ,  0.110217724401
WICKED ,  0.262556726244 ,  -0.02873183845 ,  0.182623401797 ,  0.291940994372 ,  0.166069971102 ,  0.316777141253 ,  0.243865101059 ,  0.187546770839 ,  0.338159198006 ,  0.172500803778 ,  0.0757410336497 ,  0.150156251832 ,  0.298125751486 ,  0.236079190815 ,  0.313372962579 ,  0.188052256822 ,  0.358748401722 ,  0.0647910297831 ,  0.207404253353 ,  0.281911947244 ,  0.0436017953548 ,  0.300714441679 ,  0.351387004074 ,  0.215377399406 ,  0.082814359634 ,  0.247868300735 ,  0.359247214988 ,  0.332800370841 ,  0.353827763866 ,  1.0 ,  0.0892754728429
WRONG ,  0.322048271 ,  0.0787717116577 ,  0.128061742936 ,  0.244984204533 ,  0.00620437718847 ,  0.0563695613693 ,  0.115617311605 ,  0.167654204103 ,  0.198180789901 ,  0.0346145065129 ,  0.086948307676 ,  0.289627983686 ,  0.080505418065 ,  0.16168781143 ,  0.223380423182 ,  0.255490552831 ,  0.118619177252 ,  0.168185617787 ,  0.156012224571 ,  0.0739858536712 ,  0.398797180554 ,  0.0208124772653 ,  0.147938824057 ,  0.191075886206 ,  0.0376921836524 ,  0.0439487600987 ,  0.0352124768223 ,  0.0530374642091 ,  0.110217724401 ,  0.0892754728429 ,  1.0
