WORDS  , FRIENDLY , GREGARIOUS , INTROVERTED , OUTGOING , SHY , SOCIABLE , TIMID
FRIENDLY ,  1.0 ,  0.231375512691 ,  0.214777655023 ,  0.24589363214 ,  0.197247890183 ,  0.25591534046 ,  0.292373590982
GREGARIOUS ,  0.231375512691 ,  1.0 ,  0.514748425873 ,  0.297449389825 ,  0.290187921241 ,  0.460405829176 ,  0.458220073352
INTROVERTED ,  0.214777655023 ,  0.514748425873 ,  1.0 ,  0.220169958029 ,  0.203111283292 ,  0.491077167842 ,  0.385662520768
OUTGOING ,  0.24589363214 ,  0.297449389825 ,  0.220169958029 ,  1.0 ,  0.210175167079 ,  0.224816521193 ,  0.310699921285
SHY ,  0.197247890183 ,  0.290187921241 ,  0.203111283292 ,  0.210175167079 ,  1.0 ,  0.171205281437 ,  0.335372366513
SOCIABLE ,  0.25591534046 ,  0.460405829176 ,  0.491077167842 ,  0.224816521193 ,  0.171205281437 ,  1.0 ,  0.372848335681
TIMID ,  0.292373590982 ,  0.458220073352 ,  0.385662520768 ,  0.310699921285 ,  0.335372366513 ,  0.372848335681 ,  1.0
