WORDS  , ABOMINABLE , ABSORBING , AGGRAVATING , AGONIZING , AGREEABLE , ALARMING , ALIENATING , AMAZING , AMUSING , ANNOYING , APPALLING , ASTONISHING , ASTOUNDING , BAFFLING , BEGUILING , BEWILDERING , BEWITCHING , BORING , BOTHERSOME , BREATHTAKING , CALMING , CAPTIVATING , CHARMING , CHEERING , CHILLING , COMFORTING , COMICAL , CONFUSING , CONSOLING , COOL , DELIGHTFUL , DEPRESSING , DEVASTATING , DISAGREEABLE , DISAPPOINTING , DISCONCERTING , DISCOURAGING , DISGUSTING , DISHEARTENING , DISILLUSIONING , DISMAYING , DISTASTEFUL , DISTRESSING , DISTURBING , DREADFUL , DULL , ELECTRIFYING , EMBARRASSING , EMPTY , ENCHANTING , ENCOURAGING , ENGROSSING , ENJOYABLE , ENRAGING , ENTERTAINING , ENTHRALLING , EXASPERATING , EXCITING , EXHILARATING , FASCINATING , FORMIDABLE , FRIGHTENING , FULFILLING , FULL , FUNNY , GALLING , GHASTLY , GRATIFYING , GRIPPING , HARROWING , HEARTBREAKING , HEARTENING , HILARIOUS , HUMOROUS , IMPRESSIVE , INFURIATING , INSULTING , INTERESTING , INTIMIDATING , INTRIGUING , INVIGORATING , IRKSOME , IRRITATING , JOLLY , MADDENING , MORTIFYING , MYSTIFYING , NICE , OFFENSIVE , PATHETIC , PERPLEXING , PITIFUL , PLACATING , PLEASANT , PLEASING , PLEASURABLE , POIGNANT , REASSURING , RELAXING , REPELLENT , REVOLTING , RICH , ROUSING , SAD , SADDENING , SATISFYING , SCARY , SHOCKING , SICKENING , SOBERING , SOLEMN , SOOTHING , STARTLING , STIMULATING , STINGING , STIRRING , STRESSFUL , STRIKING , STUPEFYING , SURPRISING , SUSPENSEFUL , TEDIOUS , TERRIFYING , THORNY , THRILLING , TIRESOME , TIRING , TORMENTING , TOUCHING , TRAUMATIC , TROUBLESOME , TROUBLING , UNFUNNY , UNNERVING , UNPLEASANT , UNSETTLING , UPLIFTING , UPSETTING , VEXING , WORRISOME , WORRYING
ABOMINABLE ,  1.0 ,  0.15941762088 ,  0.254038673761 ,  0.314773988458 ,  0.356234135445 ,  0.222097979541 ,  0.0174107729824 ,  0.244662238784 ,  0.33805129075 ,  0.369710712383 ,  0.425865710145 ,  0.369334881974 ,  0.352509513577 ,  0.417512069292 ,  0.489288422168 ,  0.480535513344 ,  0.363737837402 ,  0.320733842629 ,  0.445949152058 ,  0.492007330009 ,  0.316090616477 ,  0.38971722643 ,  0.318584468433 ,  0.0363425644483 ,  0.347666116469 ,  0.329413590566 ,  0.494669985986 ,  0.267409551641 ,  0.221612222803 ,  0.211312148988 ,  0.376816639963 ,  0.343440856952 ,  0.312575376612 ,  0.522298513811 ,  0.245772772612 ,  0.455446798115 ,  0.190134765592 ,  0.461750013292 ,  0.364259322244 ,  0.30492597452 ,  0.389463950811 ,  0.454870847444 ,  0.388027742715 ,  0.251205470077 ,  0.511637150897 ,  0.357581575302 ,  0.457359436142 ,  0.270182345876 ,  0.20101297564 ,  0.49331214433 ,  0.104088055038 ,  0.461568135257 ,  0.378211678635 ,  0.10486925021 ,  0.155051989881 ,  0.448627615932 ,  0.495633244019 ,  0.265502359327 ,  0.498744806464 ,  0.221837828476 ,  0.357517876979 ,  0.323298059123 ,  0.112328594701 ,  0.148850241349 ,  0.22236385465 ,  0.278917318258 ,  0.557854465331 ,  0.348882706535 ,  0.233698224172 ,  0.42086550073 ,  0.444415609873 ,  0.360587972979 ,  0.345078997435 ,  0.40550704254 ,  0.235014841084 ,  0.293309511505 ,  0.230117559319 ,  0.150965831543 ,  0.320619207281 ,  0.318443651321 ,  0.382039740493 ,  0.401890961592 ,  0.418993095219 ,  0.246114180768 ,  0.524245038789 ,  0.399479371297 ,  0.47178930627 ,  0.215751873407 ,  0.112346961983 ,  0.441869608759 ,  0.400271396864 ,  0.534790198615 ,  0.131422947173 ,  0.327911263525 ,  0.25192219259 ,  0.541104431527 ,  0.396880222898 ,  0.205395152859 ,  0.174176427896 ,  0.10883681893 ,  0.480546818592 ,  0.0675002530673 ,  0.22227957201 ,  0.240876975113 ,  0.291583882734 ,  0.250586448521 ,  0.305786680723 ,  0.294580894383 ,  0.466333146089 ,  0.366567615795 ,  0.407692489954 ,  0.33519053734 ,  0.3412901345 ,  0.235367040588 ,  0.321536354781 ,  0.116304689245 ,  0.37285723159 ,  0.152594440127 ,  0.424734985439 ,  0.196345959905 ,  0.378163265014 ,  0.375013716165 ,  0.419780943425 ,  0.455347609078 ,  0.384308169995 ,  0.534067036988 ,  0.298853405312 ,  0.113892671417 ,  0.117076162286 ,  0.323988572327 ,  0.381638535235 ,  0.248908285861 ,  0.387157909151 ,  0.398997201829 ,  0.511248248353 ,  0.383566405923 ,  0.403757664359 ,  0.199437732042 ,  0.343886225616 ,  0.29720969404 ,  -0.00604108904326
ABSORBING ,  0.15941762088 ,  1.0 ,  0.365486140722 ,  0.201560755765 ,  0.184176620664 ,  0.251703961875 ,  0.300755842019 ,  0.182105869636 ,  0.287319672771 ,  0.28320128789 ,  0.255432476483 ,  0.255168214261 ,  0.259707566875 ,  0.30564293148 ,  0.230937289972 ,  0.298632558653 ,  0.222984056402 ,  0.25336198011 ,  0.190745767886 ,  0.215299588842 ,  0.29637017891 ,  0.398155064931 ,  0.246012931957 ,  0.128186333213 ,  0.243364513348 ,  0.296012842823 ,  0.14841797339 ,  0.312489170555 ,  0.345931929264 ,  0.125525326857 ,  0.218829153128 ,  0.331412850178 ,  0.260273339824 ,  0.195625620525 ,  0.198471428796 ,  0.209512104432 ,  0.372217199302 ,  0.29157312425 ,  0.246965633338 ,  0.207285907564 ,  0.307765052361 ,  0.26085037682 ,  0.279039464504 ,  0.300923132395 ,  0.174150508003 ,  0.235605194618 ,  0.201175036998 ,  0.25718772751 ,  0.0776058483114 ,  0.251266843103 ,  0.281723665483 ,  0.260457367175 ,  0.233095351472 ,  0.326008332078 ,  0.330051435977 ,  0.260357681535 ,  0.236973627748 ,  0.219571026687 ,  0.220542123964 ,  0.204183020066 ,  0.135144460732 ,  0.305814112421 ,  0.372900120306 ,  0.0440773043794 ,  0.119067173418 ,  0.154189817299 ,  0.281549305366 ,  0.233906365705 ,  0.431464763017 ,  0.212355317187 ,  0.284080151822 ,  0.297470264625 ,  0.224310458073 ,  0.184638409227 ,  0.181237188751 ,  0.3581839094 ,  0.307108294487 ,  0.120521295938 ,  0.311960844612 ,  0.246683059643 ,  0.353597013253 ,  0.157641545129 ,  0.395089197751 ,  0.0388743766864 ,  0.262952250631 ,  0.183982097117 ,  0.214236351214 ,  0.0862942241006 ,  -0.00420789424303 ,  0.168813116338 ,  0.250508512649 ,  0.195721937894 ,  0.3070316114 ,  0.106910870414 ,  0.376555345479 ,  0.195308661931 ,  0.234909646951 ,  0.313686189033 ,  0.251491722918 ,  0.0910436690214 ,  0.130185029693 ,  0.0394253939565 ,  0.24227520227 ,  0.152875064973 ,  0.0915611420451 ,  0.38769716468 ,  0.190877255534 ,  0.283094812218 ,  0.312288524032 ,  0.269009879691 ,  0.10451330944 ,  0.256618448032 ,  0.272905637085 ,  0.448089544289 ,  0.218526737699 ,  0.288245095524 ,  0.128077836437 ,  0.221930832589 ,  0.258207896625 ,  0.192363184403 ,  0.216915814333 ,  0.176467271903 ,  0.288264182925 ,  0.237356033652 ,  0.259071353997 ,  0.202140009238 ,  0.0601214573239 ,  0.34639931105 ,  0.349521072639 ,  0.140312447092 ,  0.218770018986 ,  0.255585066267 ,  0.168350245727 ,  0.34277698256 ,  0.232665041978 ,  0.313956838636 ,  0.316925420469 ,  0.381317696559 ,  0.308568065643 ,  0.266301745101 ,  0.221314277988
AGGRAVATING ,  0.254038673761 ,  0.365486140722 ,  1.0 ,  0.226621284803 ,  0.275367068549 ,  0.299242226163 ,  0.234711005634 ,  0.19095004301 ,  0.271444166114 ,  0.308788818944 ,  0.397698771066 ,  0.252667873872 ,  0.269603854554 ,  0.435955559541 ,  0.269722769151 ,  0.362424986011 ,  0.176845427703 ,  0.198402886007 ,  0.297091162977 ,  0.21368869616 ,  0.358330803013 ,  0.307281228463 ,  0.172257002377 ,  0.181986551781 ,  0.222970259398 ,  0.336010607074 ,  0.269308267323 ,  0.33329982527 ,  0.369860068081 ,  0.0853061146246 ,  0.183141618021 ,  0.347988335494 ,  0.286313536752 ,  0.29828784727 ,  0.217123732776 ,  0.340236990777 ,  0.305703235368 ,  0.332845757929 ,  0.292509742088 ,  0.228866822526 ,  0.302702018211 ,  0.37113679936 ,  0.334895595086 ,  0.262323719242 ,  0.271761664682 ,  0.245604326467 ,  0.249964885388 ,  0.266311687688 ,  0.0847328250497 ,  0.215236104498 ,  0.20003825506 ,  0.18350369197 ,  0.180420919881 ,  0.311016890077 ,  0.181180076307 ,  0.215517831733 ,  0.29884549669 ,  0.211488140205 ,  0.253881393449 ,  0.150998644767 ,  0.206018994283 ,  0.315280149681 ,  0.273992557136 ,  0.01852738793 ,  0.0777952891317 ,  0.202544325986 ,  0.328418102959 ,  0.292799049515 ,  0.291701304082 ,  0.186373099369 ,  0.290368251739 ,  0.327965171506 ,  0.224879618945 ,  0.183991409056 ,  0.17456191524 ,  0.414643347392 ,  0.404333861373 ,  0.104865308106 ,  0.420777141456 ,  0.218179826626 ,  0.367199934792 ,  0.201338117593 ,  0.44334474998 ,  0.0642110513629 ,  0.318861360878 ,  0.262238937009 ,  0.329321091008 ,  0.0433557877369 ,  0.0124537630386 ,  0.286085311665 ,  0.398810142849 ,  0.289241043969 ,  0.295721968161 ,  0.0932806329846 ,  0.323723268377 ,  0.265297760363 ,  0.186210930618 ,  0.32195319353 ,  0.198116349543 ,  0.0736608961607 ,  0.288514937079 ,  -0.0242440103843 ,  0.171242640316 ,  0.163792654717 ,  0.161404097718 ,  0.34847070831 ,  0.194090269581 ,  0.310924814942 ,  0.341161663398 ,  0.228203394338 ,  0.175484440869 ,  0.274458290535 ,  0.259150782674 ,  0.383449945772 ,  0.271353888635 ,  0.193193457592 ,  0.260945285714 ,  0.155243940316 ,  0.28834872457 ,  0.238287278826 ,  0.201459266797 ,  0.228958031936 ,  0.32955444301 ,  0.318243550965 ,  0.285335405171 ,  0.25967900532 ,  0.168509922903 ,  0.371591701532 ,  0.211752354256 ,  0.245307486728 ,  0.324055403587 ,  0.308196073428 ,  0.122528625219 ,  0.396747052364 ,  0.286436407118 ,  0.359063397414 ,  0.272136295834 ,  0.403454904674 ,  0.420088199556 ,  0.325479085118 ,  0.149107801429
AGONIZING ,  0.314773988458 ,  0.201560755765 ,  0.226621284803 ,  1.0 ,  0.29622966687 ,  0.357121428286 ,  0.00429073668439 ,  0.283023783749 ,  0.354835469786 ,  0.319294522048 ,  0.422035819898 ,  0.364910005175 ,  0.355974308742 ,  0.408310158531 ,  0.250854506501 ,  0.363872601196 ,  0.184446667955 ,  0.289023544045 ,  0.307200648447 ,  0.330371069648 ,  0.273549057674 ,  0.268480802509 ,  0.208343073042 ,  0.100028833937 ,  0.379589200074 ,  0.357909526839 ,  0.332863529526 ,  0.345546638198 ,  0.229933367893 ,  0.200385932839 ,  0.33077892215 ,  0.380236053205 ,  0.326688874537 ,  0.320472902866 ,  0.348749610763 ,  0.379005556604 ,  0.285727052265 ,  0.354217494584 ,  0.411820895687 ,  0.256989026977 ,  0.327612260972 ,  0.345227208324 ,  0.444447260286 ,  0.364051641528 ,  0.434993351188 ,  0.344002824138 ,  0.328836967524 ,  0.403117598926 ,  0.15882140422 ,  0.234512320408 ,  0.130519626947 ,  0.326418516564 ,  0.390159102734 ,  0.107935684034 ,  0.249349748332 ,  0.307680468519 ,  0.396471966629 ,  0.316195611804 ,  0.426687692898 ,  0.319037985879 ,  0.209042277077 ,  0.418624384955 ,  0.193467960847 ,  0.175111474393 ,  0.233179438763 ,  0.280224163981 ,  0.440263851755 ,  0.358019778765 ,  0.289465166505 ,  0.522658236399 ,  0.521807487796 ,  0.384045524883 ,  0.36711971389 ,  0.308965841886 ,  0.228653185709 ,  0.222702209969 ,  0.175479314119 ,  0.208585137028 ,  0.213544699412 ,  0.336173608161 ,  0.266977471371 ,  0.267985759395 ,  0.308983077829 ,  0.138890210214 ,  0.461293333446 ,  0.330051852924 ,  0.354392042812 ,  0.139514243784 ,  0.106333389159 ,  0.345862681806 ,  0.429860656038 ,  0.35400379063 ,  0.0977285428047 ,  0.266713616245 ,  0.185394955577 ,  0.373981111414 ,  0.41864034219 ,  0.218605203584 ,  0.22163455145 ,  0.0855803250374 ,  0.330126079127 ,  0.0198747972132 ,  0.309338977774 ,  0.342792554563 ,  0.252542803507 ,  0.329404801797 ,  0.358511887033 ,  0.401321854963 ,  0.446509511485 ,  0.407753718009 ,  0.318247650887 ,  0.305499006946 ,  0.385216396378 ,  0.211476702727 ,  0.316423359223 ,  0.249371477026 ,  0.435244273866 ,  0.196824764495 ,  0.25926438529 ,  0.293893688273 ,  0.383906574579 ,  0.445225767576 ,  0.51161144598 ,  0.36907532153 ,  0.429375337957 ,  0.367561241603 ,  0.325954971092 ,  0.105632708098 ,  0.215591253208 ,  0.38826166231 ,  0.313787333158 ,  0.369446969056 ,  0.214968620656 ,  0.36932019632 ,  0.421326258235 ,  0.459281008099 ,  0.36109310318 ,  0.224821542926 ,  0.407393483663 ,  0.370832663695 ,  0.201623559234
AGREEABLE ,  0.356234135445 ,  0.184176620664 ,  0.275367068549 ,  0.29622966687 ,  1.0 ,  0.325797079774 ,  0.141872686142 ,  0.235312988917 ,  0.401174594956 ,  0.380318475028 ,  0.373450989974 ,  0.31427852776 ,  0.332498078766 ,  0.49078800194 ,  0.302475136663 ,  0.39251326013 ,  0.196866264378 ,  0.332396185503 ,  0.54660895182 ,  0.327095824496 ,  0.260423409744 ,  0.385767301656 ,  0.317269507931 ,  0.107679082993 ,  0.243519245519 ,  0.426263556998 ,  0.415561696222 ,  0.368047492543 ,  0.248170571994 ,  0.21656454216 ,  0.36438359326 ,  0.349705217661 ,  0.245111328966 ,  0.555414509688 ,  0.295388999417 ,  0.523661147498 ,  0.259391627815 ,  0.3720172306 ,  0.433595522094 ,  0.347830235987 ,  0.419314710622 ,  0.479038114775 ,  0.49645676732 ,  0.283744330527 ,  0.297176195057 ,  0.317994456067 ,  0.321334914981 ,  0.311718109853 ,  0.112934955867 ,  0.367940969847 ,  0.128258431413 ,  0.352742793441 ,  0.370201826974 ,  0.164382293913 ,  0.256837779737 ,  0.352471115312 ,  0.445068417232 ,  0.280295112809 ,  0.343289941128 ,  0.307538508567 ,  0.279955033643 ,  0.308260132619 ,  0.204851820998 ,  0.0980850138733 ,  0.224733063295 ,  0.521257386397 ,  0.32457650517 ,  0.435134367817 ,  0.2235990205 ,  0.244188227295 ,  0.362080668337 ,  0.452582921518 ,  0.32880988782 ,  0.335231745765 ,  0.301414586295 ,  0.389855393509 ,  0.363406683158 ,  0.212709074205 ,  0.359363088486 ,  0.352946331877 ,  0.368560329771 ,  0.485833210193 ,  0.482131088432 ,  0.206862019053 ,  0.448921501145 ,  0.349956844111 ,  0.462667567898 ,  0.181445498649 ,  0.123581238743 ,  0.384672403794 ,  0.477718394189 ,  0.332389606588 ,  0.164678910687 ,  0.268693445313 ,  0.421792800811 ,  0.460212015673 ,  0.316444400864 ,  0.348899706206 ,  0.152967707861 ,  0.105042894537 ,  0.363146220445 ,  0.107640617426 ,  0.205280073003 ,  0.222550522772 ,  0.284891381174 ,  0.40351291712 ,  0.267675529455 ,  0.288587674427 ,  0.347486625961 ,  0.346336842867 ,  0.259007971079 ,  0.337598229647 ,  0.323130500409 ,  0.279425396351 ,  0.261198902558 ,  0.111507790082 ,  0.338102767413 ,  0.173898979889 ,  0.325055015739 ,  0.261489289957 ,  0.298547560878 ,  0.30410184259 ,  0.311227427072 ,  0.329538515814 ,  0.397825456941 ,  0.360598690194 ,  0.263577923681 ,  0.150794482536 ,  0.111034588759 ,  0.260451203232 ,  0.457520429708 ,  0.347164193671 ,  0.233650425226 ,  0.458152044581 ,  0.36663107668 ,  0.417700452421 ,  0.398307330089 ,  0.325674911863 ,  0.330640767939 ,  0.407926776988 ,  0.155357583356
ALARMING ,  0.222097979541 ,  0.251703961875 ,  0.299242226163 ,  0.357121428286 ,  0.325797079774 ,  1.0 ,  0.144207782598 ,  0.467349419529 ,  0.464902738005 ,  0.405121712478 ,  0.532065452078 ,  0.570902796979 ,  0.54409517111 ,  0.496705351389 ,  0.262173107186 ,  0.427314654338 ,  0.156226906733 ,  0.301040768999 ,  0.370505511943 ,  0.390688316529 ,  0.300709434256 ,  0.315649855994 ,  0.251507086379 ,  0.127655443839 ,  0.440021427928 ,  0.449433526146 ,  0.337597993394 ,  0.464595970688 ,  0.242712114492 ,  0.189341314057 ,  0.334061276092 ,  0.522308413306 ,  0.443183499287 ,  0.275140305179 ,  0.461011164638 ,  0.46681330249 ,  0.394936957683 ,  0.383281659441 ,  0.481138277071 ,  0.279440106109 ,  0.437929296932 ,  0.376676592345 ,  0.544557279348 ,  0.615653069621 ,  0.390222245526 ,  0.317873165555 ,  0.301358345025 ,  0.466855707955 ,  0.147376918847 ,  0.21056229455 ,  0.314382731603 ,  0.293134810359 ,  0.311875186883 ,  0.154142372293 ,  0.292401193154 ,  0.258290419711 ,  0.364722347007 ,  0.393511773052 ,  0.370789088856 ,  0.429965782736 ,  0.24453000505 ,  0.591236870122 ,  0.0948028807884 ,  0.130838674604 ,  0.306799621562 ,  0.393284174068 ,  0.363223424581 ,  0.437467545085 ,  0.336386321688 ,  0.323257239506 ,  0.528223125077 ,  0.509866033353 ,  0.376493740332 ,  0.328235811649 ,  0.445076955297 ,  0.382509673287 ,  0.344039390592 ,  0.378259627406 ,  0.386932078026 ,  0.460584222877 ,  0.356519402673 ,  0.315776321762 ,  0.385805267838 ,  0.121311454028 ,  0.445645727543 ,  0.276010693835 ,  0.407971861142 ,  0.209892970645 ,  0.13049618438 ,  0.393179424614 ,  0.499104476658 ,  0.356757768688 ,  0.19990009656 ,  0.283447884487 ,  0.359318045818 ,  0.353732625806 ,  0.375165739718 ,  0.451448749637 ,  0.112574925542 ,  0.0823294171408 ,  0.281782668202 ,  0.117575123244 ,  0.208257846952 ,  0.426379625968 ,  0.23118355178 ,  0.380889600832 ,  0.420362908741 ,  0.618188312007 ,  0.441384209917 ,  0.472699310019 ,  0.228859269173 ,  0.255323070374 ,  0.625692138059 ,  0.282993645456 ,  0.281595286062 ,  0.222133676217 ,  0.333903764424 ,  0.303012429689 ,  0.331527242944 ,  0.571090250685 ,  0.256716377324 ,  0.269731484668 ,  0.489665647475 ,  0.33999844727 ,  0.390961766843 ,  0.309570381549 ,  0.204259912771 ,  0.148088165835 ,  0.222840898811 ,  0.381027446035 ,  0.485518021267 ,  0.634419058438 ,  0.189272771404 ,  0.487887136112 ,  0.39337030165 ,  0.613472099712 ,  0.368025010733 ,  0.374340752428 ,  0.426147604065 ,  0.6473359217 ,  0.23922585949
ALIENATING ,  0.0174107729824 ,  0.300755842019 ,  0.234711005634 ,  0.00429073668439 ,  0.141872686142 ,  0.144207782598 ,  1.0 ,  0.0678328589307 ,  0.121571657912 ,  0.18665277907 ,  0.0392056202318 ,  0.105334425938 ,  0.125268972546 ,  0.109992165164 ,  0.149437663012 ,  0.143603365467 ,  0.178818911293 ,  0.118832365995 ,  0.103914078966 ,  0.0692780257234 ,  0.144908126074 ,  0.227274029831 ,  0.157761573006 ,  0.15782415846 ,  0.0770654398233 ,  0.166805380221 ,  0.0599069681374 ,  0.171060895303 ,  0.351163787239 ,  0.00182006835632 ,  0.139204539285 ,  0.141767351292 ,  0.154816032661 ,  0.132636758784 ,  0.160985826352 ,  0.0909941108757 ,  0.264221556373 ,  0.0154164274854 ,  0.0764268791853 ,  0.0605298742521 ,  0.210394148874 ,  0.080709029983 ,  0.0702108976525 ,  0.103407321476 ,  0.0524066146489 ,  0.0319497405856 ,  0.121476220569 ,  0.151169874807 ,  0.0538167129198 ,  0.191501695271 ,  0.35832523209 ,  0.0495864868925 ,  0.0438859958011 ,  0.444229508155 ,  0.22646741574 ,  0.108063266102 ,  0.11603199248 ,  0.0862075748689 ,  0.0881649273104 ,  0.0805990800965 ,  0.195808792625 ,  0.122930747424 ,  0.23526217939 ,  0.036709780087 ,  0.045319354826 ,  0.0917080556846 ,  0.110742519908 ,  0.0685921914383 ,  0.222862361171 ,  0.0149049483877 ,  -0.000577545258848 ,  0.108557672565 ,  0.0165856651684 ,  0.0625103595537 ,  0.0926812670494 ,  0.461333215129 ,  0.295461572067 ,  0.0769417274485 ,  0.324670282918 ,  0.136518047066 ,  0.188988650251 ,  0.071904784005 ,  0.294054325907 ,  0.05746322304 ,  0.0497013147097 ,  0.00266084667538 ,  0.109670891603 ,  0.0675475629628 ,  -0.022540125844 ,  0.0875045328535 ,  0.12036503724 ,  0.150252436243 ,  0.471600377908 ,  0.0467239058848 ,  0.355828846539 ,  0.016419600816 ,  0.0484123506662 ,  0.32892383558 ,  0.0706105791417 ,  -0.0492492888178 ,  0.0348891122363 ,  0.11767246712 ,  0.134192304425 ,  0.0237194301098 ,  0.0673729949644 ,  0.256610112254 ,  0.0161248936013 ,  0.0850838011341 ,  0.0733825656167 ,  0.1040619275 ,  0.0632596222497 ,  0.0819137424349 ,  0.0891606876979 ,  0.271035312676 ,  0.0078226432715 ,  0.0914740887631 ,  0.00652272638911 ,  0.145021428273 ,  0.067683127729 ,  0.144493517908 ,  0.0328338933798 ,  0.0749736802266 ,  0.0605508776836 ,  0.134035960046 ,  0.116804084821 ,  0.109837167517 ,  0.0423535947392 ,  0.405814522526 ,  0.15445763386 ,  0.000544818921894 ,  0.156475278398 ,  0.140212201987 ,  0.0617339006825 ,  0.203966233812 ,  0.0711191356707 ,  0.0846746767736 ,  0.126640622619 ,  0.384516512949 ,  0.143648823224 ,  0.0954335890553 ,  0.161211764955
AMAZING ,  0.244662238784 ,  0.182105869636 ,  0.19095004301 ,  0.283023783749 ,  0.235312988917 ,  0.467349419529 ,  0.0678328589307 ,  1.0 ,  0.447393828658 ,  0.357652638568 ,  0.469373877122 ,  0.590513861285 ,  0.498919419815 ,  0.414153778464 ,  0.28215123391 ,  0.350546173988 ,  0.172077214944 ,  0.390447546579 ,  0.300878544545 ,  0.366805306433 ,  0.194306043524 ,  0.322188267152 ,  0.403130554555 ,  0.107283966203 ,  0.361989171907 ,  0.367887171364 ,  0.320855660345 ,  0.385856904411 ,  0.139462484592 ,  0.336752872933 ,  0.430592731323 ,  0.44095976504 ,  0.385305633502 ,  0.265398011101 ,  0.453901190795 ,  0.383540527275 ,  0.249330740838 ,  0.429220951501 ,  0.407752803053 ,  0.257920690325 ,  0.339227935847 ,  0.307225083787 ,  0.417115690939 ,  0.461009747196 ,  0.39097346915 ,  0.343096857003 ,  0.305703028309 ,  0.388810988948 ,  0.204274482181 ,  0.301000943308 ,  0.252268734121 ,  0.270781309563 ,  0.411000152546 ,  0.078104735596 ,  0.28197277264 ,  0.244197968829 ,  0.343348197776 ,  0.592478614248 ,  0.3787614595 ,  0.646996676887 ,  0.295630935277 ,  0.512356235339 ,  0.161490178962 ,  0.212430369948 ,  0.539632342286 ,  0.25160787786 ,  0.309972014966 ,  0.423031216715 ,  0.285614771163 ,  0.348826868308 ,  0.500584508497 ,  0.408011922854 ,  0.44384893618 ,  0.315895774117 ,  0.580457401103 ,  0.249859619311 ,  0.193052683684 ,  0.634316064805 ,  0.281385135583 ,  0.448609860286 ,  0.329159446733 ,  0.203713490581 ,  0.302347162666 ,  0.177161728522 ,  0.39830847597 ,  0.219742306074 ,  0.349053343968 ,  0.432350184446 ,  0.160557268797 ,  0.440461308155 ,  0.361198008129 ,  0.365355405243 ,  0.0900031542247 ,  0.318683277439 ,  0.294961630538 ,  0.374794516471 ,  0.346629041322 ,  0.310395304694 ,  0.154833339152 ,  0.071185318857 ,  0.23421927454 ,  0.168002592352 ,  0.219519830938 ,  0.503331373365 ,  0.220951182691 ,  0.379620667304 ,  0.513554618492 ,  0.562938407236 ,  0.405575652104 ,  0.338439187733 ,  0.208006782023 ,  0.226865005743 ,  0.463733517939 ,  0.231660835857 ,  0.139405300323 ,  0.231675489002 ,  0.366757589671 ,  0.290860907556 ,  0.298850909157 ,  0.58369811284 ,  0.251461911924 ,  0.296404309373 ,  0.462026357771 ,  0.243079741454 ,  0.46757839497 ,  0.294847486923 ,  0.260359614387 ,  0.0778454709252 ,  0.227716142954 ,  0.341380763088 ,  0.354427326224 ,  0.448121461258 ,  0.18658318764 ,  0.401659854557 ,  0.346879532246 ,  0.44641836932 ,  0.382960646407 ,  0.280792904155 ,  0.238366233443 ,  0.431119150161 ,  0.172179326946
AMUSING ,  0.33805129075 ,  0.287319672771 ,  0.271444166114 ,  0.354835469786 ,  0.401174594956 ,  0.464902738005 ,  0.121571657912 ,  0.447393828658 ,  1.0 ,  0.54646162176 ,  0.533181236636 ,  0.49964632534 ,  0.463456773727 ,  0.579411527706 ,  0.381027601958 ,  0.440628239895 ,  0.265138824047 ,  0.424433281177 ,  0.473907582812 ,  0.387877656613 ,  0.295715935309 ,  0.507697731939 ,  0.482579682647 ,  0.132741407089 ,  0.444538205007 ,  0.536182760905 ,  0.521906705674 ,  0.50640170982 ,  0.268113617762 ,  0.297547971527 ,  0.499441861288 ,  0.545293432329 ,  0.314908741768 ,  0.448201577169 ,  0.443315264744 ,  0.593435877675 ,  0.311804151039 ,  0.499479771446 ,  0.572327799044 ,  0.361068074907 ,  0.527473646432 ,  0.54420606293 ,  0.618180013622 ,  0.511908666019 ,  0.422954681555 ,  0.434951048591 ,  0.392963022182 ,  0.475252298808 ,  0.157422902423 ,  0.370961194356 ,  0.230346931714 ,  0.485129421763 ,  0.515350424155 ,  0.158157242383 ,  0.439122489747 ,  0.470287958192 ,  0.468466924835 ,  0.483697693076 ,  0.517700316613 ,  0.553351923485 ,  0.24015679776 ,  0.557080619917 ,  0.209622902661 ,  0.105235573943 ,  0.530036885697 ,  0.420419475016 ,  0.414144733426 ,  0.564464215877 ,  0.432753758144 ,  0.436848012406 ,  0.590061018392 ,  0.612815562891 ,  0.628677420225 ,  0.546775187191 ,  0.4048512261 ,  0.396147288053 ,  0.37493200326 ,  0.450806506685 ,  0.370611478213 ,  0.577835368071 ,  0.403779929774 ,  0.353541657809 ,  0.517496902901 ,  0.18271242721 ,  0.546191551447 ,  0.380318447173 ,  0.522073697777 ,  0.329192609927 ,  0.205513624403 ,  0.498588244487 ,  0.552929434433 ,  0.393943131771 ,  0.168539186049 ,  0.361076158576 ,  0.432616477577 ,  0.490054549487 ,  0.566367988978 ,  0.419187333023 ,  0.180573729713 ,  0.152683623867 ,  0.38863237263 ,  0.121876074429 ,  0.338419892275 ,  0.486347865341 ,  0.435246491122 ,  0.459161609525 ,  0.511536670191 ,  0.555822540944 ,  0.51356475602 ,  0.494275595095 ,  0.35382303562 ,  0.362896580646 ,  0.518730997053 ,  0.304739350708 ,  0.337395199 ,  0.277134473239 ,  0.411612325241 ,  0.331036623917 ,  0.330447265782 ,  0.465694226161 ,  0.475567970591 ,  0.433693372424 ,  0.50663301778 ,  0.348210460657 ,  0.580322552738 ,  0.4751812408 ,  0.276950691326 ,  0.140131241027 ,  0.26887313306 ,  0.380720630121 ,  0.43521061859 ,  0.483771320987 ,  0.415275178972 ,  0.551648265473 ,  0.496530940932 ,  0.637759340524 ,  0.561429687542 ,  0.387449658618 ,  0.422495409446 ,  0.497063387255 ,  0.207105074924
ANNOYING ,  0.369710712383 ,  0.28320128789 ,  0.308788818944 ,  0.319294522048 ,  0.380318475028 ,  0.405121712478 ,  0.18665277907 ,  0.357652638568 ,  0.54646162176 ,  1.0 ,  0.450400153548 ,  0.351614095813 ,  0.341678725291 ,  0.47423454675 ,  0.364972252556 ,  0.376801706732 ,  0.273829815602 ,  0.514991003782 ,  0.486507054608 ,  0.2810443714 ,  0.371573185968 ,  0.418125009337 ,  0.475196029584 ,  0.131520495167 ,  0.319283149359 ,  0.517245768814 ,  0.429381250199 ,  0.491376582052 ,  0.387243883202 ,  0.290653267472 ,  0.398821899155 ,  0.462136008981 ,  0.325203518121 ,  0.429617882776 ,  0.339168859536 ,  0.464712725474 ,  0.4091198396 ,  0.51327622735 ,  0.436313885902 ,  0.303824331724 ,  0.405809991928 ,  0.451632930566 ,  0.493935874043 ,  0.404813728425 ,  0.396277313759 ,  0.4243204519 ,  0.339931516142 ,  0.448479338971 ,  0.185510011949 ,  0.373519561175 ,  0.229408378766 ,  0.315133233666 ,  0.430530052702 ,  0.251020930146 ,  0.423072153044 ,  0.376976367079 ,  0.427701879563 ,  0.403463257806 ,  0.403339898994 ,  0.393188346271 ,  0.27274148803 ,  0.491102165926 ,  0.188687070271 ,  0.0562498678128 ,  0.415779004865 ,  0.351601831449 ,  0.401770285824 ,  0.435043011484 ,  0.371617851319 ,  0.295917211371 ,  0.42430397849 ,  0.448716756212 ,  0.448671028434 ,  0.395609479607 ,  0.338760295815 ,  0.430541495318 ,  0.463978322293 ,  0.293063195774 ,  0.503073917725 ,  0.390063231696 ,  0.39404100661 ,  0.370566203118 ,  0.623063927247 ,  0.234106032185 ,  0.499490760696 ,  0.315238534282 ,  0.407415685844 ,  0.287519880779 ,  0.15434792924 ,  0.476473442358 ,  0.45815677543 ,  0.441617113688 ,  0.271762207071 ,  0.302018896391 ,  0.482518055633 ,  0.42560638213 ,  0.380260982781 ,  0.40838577328 ,  0.245174836903 ,  0.147077314908 ,  0.330092077818 ,  0.131715226391 ,  0.293042946987 ,  0.344209459084 ,  0.347458282768 ,  0.450306170674 ,  0.42271457528 ,  0.478987320207 ,  0.490122850629 ,  0.320675762082 ,  0.211390036448 ,  0.412781426645 ,  0.358749584371 ,  0.322009705916 ,  0.298915716999 ,  0.1943704086 ,  0.396933607014 ,  0.266600336464 ,  0.295119493158 ,  0.332896672631 ,  0.323885227451 ,  0.332466049009 ,  0.493512944161 ,  0.27910246611 ,  0.458420562147 ,  0.482654152377 ,  0.291966874592 ,  0.288584334051 ,  0.262323661291 ,  0.367291039517 ,  0.423289448778 ,  0.394049853635 ,  0.329019253107 ,  0.487568513785 ,  0.429492558128 ,  0.470030617398 ,  0.437252305946 ,  0.435568645443 ,  0.356465676558 ,  0.412828004518 ,  0.155591552018
APPALLING ,  0.425865710145 ,  0.255432476483 ,  0.397698771066 ,  0.422035819898 ,  0.373450989974 ,  0.532065452078 ,  0.0392056202318 ,  0.469373877122 ,  0.533181236636 ,  0.450400153548 ,  1.0 ,  0.553682627866 ,  0.526128810958 ,  0.612341482783 ,  0.333430724412 ,  0.477976543856 ,  0.202714012235 ,  0.364634847063 ,  0.476059466468 ,  0.448957050365 ,  0.286571141027 ,  0.321193629225 ,  0.359520946254 ,  0.121067695243 ,  0.398481279349 ,  0.440186800745 ,  0.49296356294 ,  0.446446176666 ,  0.196319061811 ,  0.23460966128 ,  0.420327225254 ,  0.513010876057 ,  0.474176121781 ,  0.415482222403 ,  0.42565757819 ,  0.54360919744 ,  0.355285445696 ,  0.608439401886 ,  0.527944774698 ,  0.347623886963 ,  0.486247826435 ,  0.57508923568 ,  0.608419301935 ,  0.499904104792 ,  0.584315065936 ,  0.421532060403 ,  0.341977060826 ,  0.497207633783 ,  0.203483642664 ,  0.275930373097 ,  0.240180439959 ,  0.388984859834 ,  0.433107725614 ,  0.131620612235 ,  0.236401731797 ,  0.345871714665 ,  0.477480825365 ,  0.41895573788 ,  0.486047787201 ,  0.431348869202 ,  0.326289702308 ,  0.565786260997 ,  0.213824291612 ,  0.14285133445 ,  0.361806609185 ,  0.398375780334 ,  0.531658189948 ,  0.540563437386 ,  0.312270804355 ,  0.438285636484 ,  0.603209247738 ,  0.543071405337 ,  0.510289147354 ,  0.397480370188 ,  0.413690567251 ,  0.412940751989 ,  0.387662348599 ,  0.338658885953 ,  0.412207817353 ,  0.445260683412 ,  0.394138692225 ,  0.352796909939 ,  0.457786927778 ,  0.143658597363 ,  0.584700753445 ,  0.418757569652 ,  0.497330951784 ,  0.27472102985 ,  0.235684867635 ,  0.604975162785 ,  0.547364740204 ,  0.506437960023 ,  0.149028893464 ,  0.331875735819 ,  0.322425142701 ,  0.494962618744 ,  0.442702022078 ,  0.34736030182 ,  0.155406568255 ,  0.149239150468 ,  0.44812753386 ,  0.118640574758 ,  0.232071126663 ,  0.465803460228 ,  0.352839767632 ,  0.379334218666 ,  0.478404143773 ,  0.591138714144 ,  0.564151935568 ,  0.454310587979 ,  0.320582522289 ,  0.304249132945 ,  0.493522340529 ,  0.299425250433 ,  0.345492769297 ,  0.201742775055 ,  0.487624528892 ,  0.270900052262 ,  0.412784056636 ,  0.440663631598 ,  0.355131784121 ,  0.387710794116 ,  0.57038417736 ,  0.410701253072 ,  0.510058660907 ,  0.496399358748 ,  0.290524500889 ,  0.129573801574 ,  0.191982380702 ,  0.473509077977 ,  0.527362430984 ,  0.532026587077 ,  0.301036893748 ,  0.52500933093 ,  0.55371874546 ,  0.59712257679 ,  0.42727897472 ,  0.342698506811 ,  0.452778369582 ,  0.562433443889 ,  0.130646275519
ASTONISHING ,  0.369334881974 ,  0.255168214261 ,  0.252667873872 ,  0.364910005175 ,  0.31427852776 ,  0.570902796979 ,  0.105334425938 ,  0.590513861285 ,  0.49964632534 ,  0.351614095813 ,  0.553682627866 ,  1.0 ,  0.786864815591 ,  0.536991623372 ,  0.420054897148 ,  0.574084491084 ,  0.229555746726 ,  0.306346785404 ,  0.386080555803 ,  0.599522018118 ,  0.220120320538 ,  0.410713283709 ,  0.336584585573 ,  0.0578165065281 ,  0.483155451524 ,  0.397979135896 ,  0.419264487616 ,  0.362299283485 ,  0.164213527055 ,  0.210033090571 ,  0.537030444642 ,  0.480398834212 ,  0.416651375712 ,  0.360524775138 ,  0.464643709569 ,  0.509883956859 ,  0.275188751978 ,  0.422223072514 ,  0.531911209103 ,  0.280975760625 ,  0.483500365871 ,  0.407104755633 ,  0.532822099534 ,  0.453499823851 ,  0.569238106631 ,  0.363501118436 ,  0.451065636014 ,  0.414234299639 ,  0.114259540437 ,  0.357830408949 ,  0.234104397939 ,  0.423271414475 ,  0.406728119624 ,  0.0578471322542 ,  0.242357479995 ,  0.386005985854 ,  0.450852820627 ,  0.438148714943 ,  0.520156341236 ,  0.477420547076 ,  0.401966169659 ,  0.472816137397 ,  0.188764270505 ,  0.222476973279 ,  0.343194574134 ,  0.371364927082 ,  0.516767795374 ,  0.466726626871 ,  0.287265359122 ,  0.501167402054 ,  0.58937154947 ,  0.526335277433 ,  0.457850633998 ,  0.461040053282 ,  0.552410361166 ,  0.301287310648 ,  0.200416206759 ,  0.37915494047 ,  0.261163809682 ,  0.592765619876 ,  0.412902222429 ,  0.334848259192 ,  0.367856953375 ,  0.154333119551 ,  0.499414677896 ,  0.361882013811 ,  0.479480893309 ,  0.333170955184 ,  0.144378897567 ,  0.479523480333 ,  0.496754275412 ,  0.504857004372 ,  0.109827883122 ,  0.365777955307 ,  0.32421913641 ,  0.474956038419 ,  0.55348431316 ,  0.304401588591 ,  0.0912222946836 ,  0.0863350628441 ,  0.316456251943 ,  0.100112982753 ,  0.294884103529 ,  0.364649119558 ,  0.288068113862 ,  0.357679867187 ,  0.388164802138 ,  0.546938181715 ,  0.503198273975 ,  0.5524391098 ,  0.395583054427 ,  0.248230516645 ,  0.696265847749 ,  0.263511586873 ,  0.307115078053 ,  0.194660463361 ,  0.316546316273 ,  0.273393279061 ,  0.372849413349 ,  0.551635898135 ,  0.31975102909 ,  0.429574711701 ,  0.47441592107 ,  0.466874138033 ,  0.509083560702 ,  0.409820178696 ,  0.223999072219 ,  0.0721689123683 ,  0.17294166603 ,  0.362577597906 ,  0.407746396843 ,  0.461262511711 ,  0.237689411257 ,  0.504732762839 ,  0.514460235798 ,  0.566218207757 ,  0.432666385419 ,  0.285405079053 ,  0.415456143025 ,  0.490256118063 ,  0.13074553272
ASTOUNDING ,  0.352509513577 ,  0.259707566875 ,  0.269603854554 ,  0.355974308742 ,  0.332498078766 ,  0.54409517111 ,  0.125268972546 ,  0.498919419815 ,  0.463456773727 ,  0.341678725291 ,  0.526128810958 ,  0.786864815591 ,  1.0 ,  0.546317957116 ,  0.381762652247 ,  0.537671720026 ,  0.219330964397 ,  0.302190544039 ,  0.409675979075 ,  0.588821666658 ,  0.213711639242 ,  0.40719439812 ,  0.278650824173 ,  0.059788118783 ,  0.440096475737 ,  0.367176855546 ,  0.393512852216 ,  0.347510579032 ,  0.186253524766 ,  0.196227183737 ,  0.473467956995 ,  0.473598502022 ,  0.441515924033 ,  0.364362201305 ,  0.480641264618 ,  0.495419179504 ,  0.266514648385 ,  0.409817638991 ,  0.491883032045 ,  0.292802194979 ,  0.48275010301 ,  0.379998735762 ,  0.5020340095 ,  0.413333686933 ,  0.539819240533 ,  0.348562569562 ,  0.463690696798 ,  0.39602514933 ,  0.101748775069 ,  0.325678238974 ,  0.216741961544 ,  0.411672522195 ,  0.378880686741 ,  0.0835525250897 ,  0.214732070674 ,  0.347553836053 ,  0.43769580354 ,  0.383487827743 ,  0.470353415032 ,  0.400909486318 ,  0.386300484409 ,  0.444291072218 ,  0.161919747884 ,  0.189116466218 ,  0.271829495858 ,  0.374347597299 ,  0.508659917288 ,  0.447751590591 ,  0.279972544003 ,  0.459731074521 ,  0.529972443418 ,  0.494169713812 ,  0.423958774578 ,  0.418377851922 ,  0.518576102047 ,  0.334510978943 ,  0.219735020298 ,  0.29571217837 ,  0.300242447741 ,  0.539021543036 ,  0.417870304364 ,  0.319991466191 ,  0.379010702548 ,  0.116571206564 ,  0.49935543911 ,  0.348213913418 ,  0.469632937401 ,  0.265653692917 ,  0.155858637971 ,  0.461176764368 ,  0.50925319446 ,  0.499015267531 ,  0.127284254374 ,  0.312491883095 ,  0.340598160144 ,  0.441581193897 ,  0.486974995588 ,  0.298076822568 ,  0.0768925066757 ,  0.0865327463294 ,  0.308017322269 ,  0.0868316942599 ,  0.261860934067 ,  0.30095609494 ,  0.278434070306 ,  0.361331692422 ,  0.368419624672 ,  0.503389156567 ,  0.489590182885 ,  0.534011559475 ,  0.324102105762 ,  0.248629194202 ,  0.64717563062 ,  0.27506273939 ,  0.300626825302 ,  0.182625472645 ,  0.299672156612 ,  0.254303578456 ,  0.369891010783 ,  0.503603139266 ,  0.281303099506 ,  0.394569953158 ,  0.443037960902 ,  0.446444936828 ,  0.492467966771 ,  0.381205054008 ,  0.195966399988 ,  0.0846165295026 ,  0.155402176482 ,  0.329802885036 ,  0.410158232148 ,  0.411523537491 ,  0.257099438187 ,  0.491483968657 ,  0.452638868776 ,  0.526404510387 ,  0.398255583953 ,  0.314915578337 ,  0.410805955768 ,  0.466556403626 ,  0.114223367448
BAFFLING ,  0.417512069292 ,  0.30564293148 ,  0.435955559541 ,  0.408310158531 ,  0.49078800194 ,  0.496705351389 ,  0.109992165164 ,  0.414153778464 ,  0.579411527706 ,  0.47423454675 ,  0.612341482783 ,  0.536991623372 ,  0.546317957116 ,  1.0 ,  0.414402983518 ,  0.589178927946 ,  0.275323904755 ,  0.356482073139 ,  0.586456962995 ,  0.43845307751 ,  0.344287733328 ,  0.454945615675 ,  0.355639355892 ,  0.120635156709 ,  0.414349004852 ,  0.487787221058 ,  0.552509439397 ,  0.481936259075 ,  0.305070870051 ,  0.213996202231 ,  0.442989736814 ,  0.491421803954 ,  0.41901722176 ,  0.500183769264 ,  0.398341348882 ,  0.673583824026 ,  0.353093206581 ,  0.553391982352 ,  0.589913414042 ,  0.398739125311 ,  0.56457585309 ,  0.626013430166 ,  0.669913399692 ,  0.480831722081 ,  0.491592726018 ,  0.386605149661 ,  0.422975807507 ,  0.433850477287 ,  0.100244500445 ,  0.363647106727 ,  0.201797234557 ,  0.479646843599 ,  0.418521079642 ,  0.213559444659 ,  0.296956165676 ,  0.435905191829 ,  0.545403094106 ,  0.37589393811 ,  0.518102763519 ,  0.433704950366 ,  0.316032936698 ,  0.523805143333 ,  0.183127316306 ,  0.102956106573 ,  0.322741280884 ,  0.538691821708 ,  0.552837072217 ,  0.564985374731 ,  0.387713150773 ,  0.422713884403 ,  0.596598354972 ,  0.610290941148 ,  0.493770948007 ,  0.425453337563 ,  0.365050797964 ,  0.504464779096 ,  0.412939344878 ,  0.314140208867 ,  0.434395127991 ,  0.512433026537 ,  0.489300264841 ,  0.480212953963 ,  0.56473033463 ,  0.136416694983 ,  0.633879007864 ,  0.445662080809 ,  0.647878264069 ,  0.187584374872 ,  0.1741166198 ,  0.527904054341 ,  0.680719452779 ,  0.485754411818 ,  0.208414656936 ,  0.306421352615 ,  0.46966550967 ,  0.532034165112 ,  0.479390101389 ,  0.406249263775 ,  0.141744777565 ,  0.211089485355 ,  0.448820215787 ,  0.0776106789896 ,  0.243060742608 ,  0.370279960253 ,  0.418764744475 ,  0.440432227618 ,  0.402086502566 ,  0.569278243957 ,  0.581373596817 ,  0.475463989656 ,  0.30751809606 ,  0.385145553367 ,  0.530616535549 ,  0.360553135653 ,  0.379805358299 ,  0.227414280693 ,  0.386494276325 ,  0.302076507172 ,  0.40794157821 ,  0.435491265665 ,  0.412512390702 ,  0.370480859348 ,  0.524371373631 ,  0.449295463795 ,  0.530725589285 ,  0.45575578365 ,  0.260175438752 ,  0.20637566365 ,  0.207470560609 ,  0.428031678455 ,  0.525024810217 ,  0.530501042882 ,  0.366743956117 ,  0.630556683354 ,  0.476271033969 ,  0.635156536645 ,  0.490910053866 ,  0.434877316589 ,  0.53751980278 ,  0.550558827755 ,  0.189336730649
BEGUILING ,  0.489288422168 ,  0.230937289972 ,  0.269722769151 ,  0.250854506501 ,  0.302475136663 ,  0.262173107186 ,  0.149437663012 ,  0.28215123391 ,  0.381027601958 ,  0.364972252556 ,  0.333430724412 ,  0.420054897148 ,  0.381762652247 ,  0.414402983518 ,  1.0 ,  0.533362835644 ,  0.440171498192 ,  0.329264111311 ,  0.381765007337 ,  0.499268349252 ,  0.328372934752 ,  0.499528169227 ,  0.43857027613 ,  0.011002802727 ,  0.376549908497 ,  0.339415446052 ,  0.455232446753 ,  0.285059143367 ,  0.324065078449 ,  0.238841085012 ,  0.458172267823 ,  0.3694278951 ,  0.273951462099 ,  0.445850870322 ,  0.215521316472 ,  0.406840866138 ,  0.197532542894 ,  0.362374803235 ,  0.358612621346 ,  0.263857696045 ,  0.412934148373 ,  0.41394335506 ,  0.349316375482 ,  0.271737172472 ,  0.446378935171 ,  0.382450791394 ,  0.482490294202 ,  0.209323670705 ,  0.186005302758 ,  0.576748217107 ,  0.118334314828 ,  0.464701727379 ,  0.350696805309 ,  0.199250757505 ,  0.229412714808 ,  0.468656305301 ,  0.484981318631 ,  0.294986969834 ,  0.484797248682 ,  0.289781525034 ,  0.36974511513 ,  0.352666002863 ,  0.124899756404 ,  0.182118662831 ,  0.268528589276 ,  0.2463553345 ,  0.53408697738 ,  0.332564626602 ,  0.334286785988 ,  0.432434424782 ,  0.421900917332 ,  0.367438491421 ,  0.354702070385 ,  0.400225613783 ,  0.273556615855 ,  0.303575002868 ,  0.244697785732 ,  0.190791941215 ,  0.290764301835 ,  0.38042824141 ,  0.432957886932 ,  0.339913157022 ,  0.471780500588 ,  0.258917323574 ,  0.463669064122 ,  0.329445880097 ,  0.423918590378 ,  0.227212323836 ,  0.0435743821135 ,  0.419674447958 ,  0.407335418431 ,  0.55301201946 ,  0.260618143783 ,  0.354742396506 ,  0.349884332511 ,  0.464645014952 ,  0.441401372761 ,  0.229954818121 ,  0.116075907447 ,  0.0625600575561 ,  0.386623642651 ,  0.194293692863 ,  0.300464077891 ,  0.292158307796 ,  0.269521788007 ,  0.261068175994 ,  0.296491469643 ,  0.302086224882 ,  0.455974409547 ,  0.384168683209 ,  0.442096238336 ,  0.351315822413 ,  0.374565363327 ,  0.276160928139 ,  0.280487930845 ,  0.181865487149 ,  0.284767559942 ,  0.210091529712 ,  0.446354738178 ,  0.223878222327 ,  0.362408488585 ,  0.39309002731 ,  0.385277780086 ,  0.463533160509 ,  0.403152822997 ,  0.486288117802 ,  0.289527176485 ,  0.209064989243 ,  0.167455749205 ,  0.252010262275 ,  0.318112998956 ,  0.230731556186 ,  0.357735965921 ,  0.430695765896 ,  0.48258913558 ,  0.378624326057 ,  0.432090449192 ,  0.217613731349 ,  0.392612931068 ,  0.263807860549 ,  0.00759011690821
