WORDS  , AUTHORITARIAN , INDULGENT , LENIENT , LIBERAL , STRICT , TOLERANT
AUTHORITARIAN ,  1.0 ,  0.303164451958 ,  0.250912011337 ,  0.367386611125 ,  0.357367664412 ,  0.259973488876
INDULGENT ,  0.303164451958 ,  1.0 ,  0.305268669233 ,  0.151741662701 ,  0.299177601277 ,  0.322939510765
LENIENT ,  0.250912011337 ,  0.305268669233 ,  1.0 ,  0.18378761093 ,  0.363032316021 ,  0.148726834446
LIBERAL ,  0.367386611125 ,  0.151741662701 ,  0.18378761093 ,  1.0 ,  0.284069935837 ,  0.176298434965
STRICT ,  0.357367664412 ,  0.299177601277 ,  0.363032316021 ,  0.284069935837 ,  1.0 ,  0.211104948213
TOLERANT ,  0.259973488876 ,  0.322939510765 ,  0.148726834446 ,  0.176298434965 ,  0.211104948213 ,  1.0
