WORDS  , ADEQUATE , AMPLE , ENOUGH , INADEQUATE , INSUFFICIENT , PLENTY , PLENTY , SUFFICIENT
ADEQUATE ,  1.0 ,  0.524612216461 ,  0.399189205407 ,  0.701449394083 ,  0.620750639156 ,  0.186294664929 ,  0.186294664929 ,  0.668238019724
AMPLE ,  0.524612216461 ,  1.0 ,  0.266315568203 ,  0.414122895967 ,  0.549994900715 ,  0.176601138091 ,  0.176601138091 ,  0.551287081451
ENOUGH ,  0.399189205407 ,  0.266315568203 ,  1.0 ,  0.275944730364 ,  0.354605884817 ,  0.296432808696 ,  0.296432808696 ,  0.552247852775
INADEQUATE ,  0.701449394083 ,  0.414122895967 ,  0.275944730364 ,  1.0 ,  0.653754015279 ,  0.0524178175893 ,  0.0524178175893 ,  0.499234206955
INSUFFICIENT ,  0.620750639156 ,  0.549994900715 ,  0.354605884817 ,  0.653754015279 ,  1.0 ,  0.112788646445 ,  0.112788646445 ,  0.668913958546
PLENTY ,  0.186294664929 ,  0.176601138091 ,  0.296432808696 ,  0.0524178175893 ,  0.112788646445 ,  1.0 ,  1.0 ,  0.212945606366
PLENTY ,  0.186294664929 ,  0.176601138091 ,  0.296432808696 ,  0.0524178175893 ,  0.112788646445 ,  1.0 ,  1.0 ,  0.212945606366
SUFFICIENT ,  0.668238019724 ,  0.551287081451 ,  0.552247852775 ,  0.499234206955 ,  0.668913958546 ,  0.212945606366 ,  0.212945606366 ,  1.0
