WORDS  , EFFECTIVE , EXCELLENT , FANTASTIC , FINE , GOOD , GREAT , IDEAL , INEFFECTIVE , OUTSTANDING , PERFECT , SPLENDID , SUPER , SUPERB , TERRIFIC , TREMENDOUS , USEFUL , VALUABLE , WONDERFUL
EFFECTIVE ,  1.0 ,  0.418157117973 ,  0.330115499433 ,  0.265061800969 ,  0.327617493338 ,  0.290394536468 ,  0.322503042324 ,  0.513685484374 ,  0.351781904292 ,  0.31363003533 ,  0.264818853682 ,  0.179910096595 ,  0.368794021696 ,  0.400953329962 ,  0.331728200566 ,  0.485744649899 ,  0.350120073645 ,  0.352140884105
EXCELLENT ,  0.418157117973 ,  1.0 ,  0.629879714428 ,  0.335855522043 ,  0.527827535752 ,  0.512591726527 ,  0.364532011683 ,  0.347980382642 ,  0.598092011605 ,  0.465856290851 ,  0.523675067963 ,  0.243251052816 ,  0.682838683467 ,  0.758026987281 ,  0.525916381573 ,  0.413727546138 ,  0.424591695726 ,  0.640134191914
FANTASTIC ,  0.330115499433 ,  0.629879714428 ,  1.0 ,  0.328239261728 ,  0.40781563061 ,  0.516551945958 ,  0.327668395381 ,  0.260102542545 ,  0.52838056915 ,  0.446395061798 ,  0.592427231662 ,  0.280707509876 ,  0.660514426249 ,  0.735171326411 ,  0.572423458479 ,  0.345805602124 ,  0.400194757716 ,  0.662717213271
FINE ,  0.265061800969 ,  0.335855522043 ,  0.328239261728 ,  1.0 ,  0.328024120796 ,  0.331340544166 ,  0.196222768892 ,  0.173115851038 ,  0.273327319147 ,  0.263657398498 ,  0.251633817728 ,  0.111823421978 ,  0.286058761761 ,  0.357230680643 ,  0.24184712384 ,  0.268194260331 ,  0.23458363726 ,  0.362588355486
GOOD ,  0.327617493338 ,  0.527827535752 ,  0.40781563061 ,  0.328024120796 ,  1.0 ,  0.570384509135 ,  0.298694421026 ,  0.203268208602 ,  0.361474246768 ,  0.345406552323 ,  0.300766910313 ,  0.157758599569 ,  0.355883278007 ,  0.502505513398 ,  0.359202395288 ,  0.331203636578 ,  0.32191379026 ,  0.523899034013
GREAT ,  0.290394536468 ,  0.512591726527 ,  0.516551945958 ,  0.331340544166 ,  0.570384509135 ,  1.0 ,  0.280660546492 ,  0.1818363715 ,  0.388047634338 ,  0.390493229075 ,  0.415142544882 ,  0.236375602643 ,  0.420841095973 ,  0.593096388643 ,  0.553366240551 ,  0.295069318943 ,  0.319098787317 ,  0.646054380805
IDEAL ,  0.322503042324 ,  0.364532011683 ,  0.327668395381 ,  0.196222768892 ,  0.298694421026 ,  0.280660546492 ,  1.0 ,  0.265905670256 ,  0.288803418372 ,  0.540890060568 ,  0.2494134961 ,  0.134113771089 ,  0.319864378312 ,  0.32518618515 ,  0.23393748653 ,  0.345697772073 ,  0.244903923778 ,  0.342909970708
INEFFECTIVE ,  0.513685484374 ,  0.347980382642 ,  0.260102542545 ,  0.173115851038 ,  0.203268208602 ,  0.1818363715 ,  0.265905670256 ,  1.0 ,  0.327703127891 ,  0.20292184258 ,  0.282834771219 ,  0.102919777402 ,  0.399439071244 ,  0.287337341506 ,  0.215142923243 ,  0.409556028733 ,  0.30203496171 ,  0.239530337858
OUTSTANDING ,  0.351781904292 ,  0.598092011605 ,  0.52838056915 ,  0.273327319147 ,  0.361474246768 ,  0.388047634338 ,  0.288803418372 ,  0.327703127891 ,  1.0 ,  0.367988287542 ,  0.465349688587 ,  0.234001367551 ,  0.616979472188 ,  0.604959845137 ,  0.446072857265 ,  0.355145482569 ,  0.445268379634 ,  0.474615039424
PERFECT ,  0.31363003533 ,  0.465856290851 ,  0.446395061798 ,  0.263657398498 ,  0.345406552323 ,  0.390493229075 ,  0.540890060568 ,  0.20292184258 ,  0.367988287542 ,  1.0 ,  0.40970643688 ,  0.234758984994 ,  0.408175941325 ,  0.473273399988 ,  0.383741607482 ,  0.300366650239 ,  0.301179917704 ,  0.478802428468
SPLENDID ,  0.264818853682 ,  0.523675067963 ,  0.592427231662 ,  0.251633817728 ,  0.300766910313 ,  0.415142544882 ,  0.2494134961 ,  0.282834771219 ,  0.465349688587 ,  0.40970643688 ,  1.0 ,  0.255002330967 ,  0.642569526739 ,  0.571017921272 ,  0.455137464584 ,  0.330155792545 ,  0.401362968362 ,  0.529305102559
SUPER ,  0.179910096595 ,  0.243251052816 ,  0.280707509876 ,  0.111823421978 ,  0.157758599569 ,  0.236375602643 ,  0.134113771089 ,  0.102919777402 ,  0.234001367551 ,  0.234758984994 ,  0.255002330967 ,  1.0 ,  0.285354094379 ,  0.285793747919 ,  0.273915633681 ,  0.0949392165732 ,  0.230345654904 ,  0.261339116682
SUPERB ,  0.368794021696 ,  0.682838683467 ,  0.660514426249 ,  0.286058761761 ,  0.355883278007 ,  0.420841095973 ,  0.319864378312 ,  0.399439071244 ,  0.616979472188 ,  0.408175941325 ,  0.642569526739 ,  0.285354094379 ,  1.0 ,  0.681039085671 ,  0.500206771515 ,  0.376099961898 ,  0.440441781159 ,  0.572826940647
TERRIFIC ,  0.400953329962 ,  0.758026987281 ,  0.735171326411 ,  0.357230680643 ,  0.502505513398 ,  0.593096388643 ,  0.32518618515 ,  0.287337341506 ,  0.604959845137 ,  0.473273399988 ,  0.571017921272 ,  0.285793747919 ,  0.681039085671 ,  1.0 ,  0.607373979978 ,  0.398139447103 ,  0.444942975629 ,  0.734787343461
TREMENDOUS ,  0.331728200566 ,  0.525916381573 ,  0.572423458479 ,  0.24184712384 ,  0.359202395288 ,  0.553366240551 ,  0.23393748653 ,  0.215142923243 ,  0.446072857265 ,  0.383741607482 ,  0.455137464584 ,  0.273915633681 ,  0.500206771515 ,  0.607373979978 ,  1.0 ,  0.319645449367 ,  0.414012541135 ,  0.578154601441
USEFUL ,  0.485744649899 ,  0.413727546138 ,  0.345805602124 ,  0.268194260331 ,  0.331203636578 ,  0.295069318943 ,  0.345697772073 ,  0.409556028733 ,  0.355145482569 ,  0.300366650239 ,  0.330155792545 ,  0.0949392165732 ,  0.376099961898 ,  0.398139447103 ,  0.319645449367 ,  1.0 ,  0.578564657478 ,  0.416528628455
VALUABLE ,  0.350120073645 ,  0.424591695726 ,  0.400194757716 ,  0.23458363726 ,  0.32191379026 ,  0.319098787317 ,  0.244903923778 ,  0.30203496171 ,  0.445268379634 ,  0.301179917704 ,  0.401362968362 ,  0.230345654904 ,  0.440441781159 ,  0.444942975629 ,  0.414012541135 ,  0.578564657478 ,  1.0 ,  0.407647322323
WONDERFUL ,  0.352140884105 ,  0.640134191914 ,  0.662717213271 ,  0.362588355486 ,  0.523899034013 ,  0.646054380805 ,  0.342909970708 ,  0.239530337858 ,  0.474615039424 ,  0.478802428468 ,  0.529305102559 ,  0.261339116682 ,  0.572826940647 ,  0.734787343461 ,  0.578154601441 ,  0.416528628455 ,  0.407647322323 ,  1.0
