WORDS  , BIG , MOUTH , CHATTY , CURT , EFFUSIVE , EXPANSIVE , GLIB , GUSHING , LACONIC , LOQUACIOUS , MUM , MUTE , QUIET , RESERVED , RETICENT , SILENT , TACITURN , TALKATIVE , TERSE , VOLUBLE
BIG ,  1.0 ,  -0.00175056608116 ,  0.133472896094 ,  0.0152432675433 ,  0.1018861192 ,  0.224712457927 ,  0.0996328783603 ,  0.00871634740935 ,  0.139316915764 ,  0.0832464136104 ,  -0.0193947298337 ,  0.063419376678 ,  0.189156979417 ,  0.0991610943922 ,  0.0827150670497 ,  0.170187130019 ,  0.0611514140604 ,  0.106774452229 ,  0.0796489334067 ,  0.120509230702
MOUTH ,  -0.00175056608116 ,  1.0 ,  -0.0717063456882 ,  -0.00519810442902 ,  -0.0402075143203 ,  -0.135103193267 ,  -0.0526983357365 ,  0.0515878429511 ,  -0.0669589610407 ,  -0.0661832075122 ,  0.0488421228778 ,  0.00879692397581 ,  0.0826751121229 ,  -0.0596067516659 ,  -0.0335682224549 ,  -0.0147412978511 ,  -0.0527419933706 ,  -0.0620395638839 ,  -0.0429696026856 ,  -0.0611275692899
CHATTY ,  0.133472896094 ,  -0.0717063456882 ,  1.0 ,  0.0580355159374 ,  0.42292408554 ,  0.270188246185 ,  0.471367899816 ,  0.0784508518819 ,  0.481095541763 ,  0.48649280598 ,  0.156784013423 ,  0.364545217875 ,  0.275257798318 ,  0.235757012021 ,  0.336850903168 ,  0.272275643612 ,  0.479282284886 ,  0.594813138053 ,  0.355435321086 ,  0.548580865523
CURT ,  0.0152432675433 ,  -0.00519810442902 ,  0.0580355159374 ,  1.0 ,  0.150597642882 ,  0.0502837743387 ,  0.15164400873 ,  0.0373652778654 ,  0.0968018740724 ,  0.0682610938758 ,  0.156775871181 ,  0.0536030789078 ,  0.0253844919099 ,  0.0439187702361 ,  0.00143215730613 ,  0.0502564983201 ,  0.062059723899 ,  0.13178241124 ,  0.196014940475 ,  0.118882726862
EFFUSIVE ,  0.1018861192 ,  -0.0402075143203 ,  0.42292408554 ,  0.150597642882 ,  1.0 ,  0.336720111518 ,  0.454202795842 ,  0.188102439078 ,  0.446703708532 ,  0.341053063262 ,  0.248277945654 ,  0.374615709254 ,  0.210288690157 ,  0.159723616692 ,  0.28731158079 ,  0.203518427867 ,  0.29485605946 ,  0.38345749367 ,  0.458872117252 ,  0.450692831813
EXPANSIVE ,  0.224712457927 ,  -0.135103193267 ,  0.270188246185 ,  0.0502837743387 ,  0.336720111518 ,  1.0 ,  0.309885377738 ,  0.107584791215 ,  0.326905323491 ,  0.197709056065 ,  0.00779094580909 ,  0.210673344723 ,  0.188703610696 ,  0.25692365346 ,  0.151331688706 ,  0.152618154635 ,  0.0898687715715 ,  0.252544122335 ,  0.288686818306 ,  0.306626126372
GLIB ,  0.0996328783603 ,  -0.0526983357365 ,  0.471367899816 ,  0.15164400873 ,  0.454202795842 ,  0.309885377738 ,  1.0 ,  0.138534595215 ,  0.514412483319 ,  0.423129361291 ,  0.136162355798 ,  0.333771316295 ,  0.235526051066 ,  0.207496412668 ,  0.327638206675 ,  0.218122911881 ,  0.3825038113 ,  0.499225647545 ,  0.44012961002 ,  0.509597082847
GUSHING ,  0.00871634740935 ,  0.0515878429511 ,  0.0784508518819 ,  0.0373652778654 ,  0.188102439078 ,  0.107584791215 ,  0.138534595215 ,  1.0 ,  0.138332389702 ,  0.0484585978315 ,  0.0333916139091 ,  0.193214062663 ,  0.119149213105 ,  0.0360392663407 ,  0.045359353301 ,  0.0483800076449 ,  0.139444789021 ,  0.102465556594 ,  0.175422891227 ,  0.110747782673
LACONIC ,  0.139316915764 ,  -0.0669589610407 ,  0.481095541763 ,  0.0968018740724 ,  0.446703708532 ,  0.326905323491 ,  0.514412483319 ,  0.138332389702 ,  1.0 ,  0.459251946461 ,  0.0870045006502 ,  0.29723936125 ,  0.20357818906 ,  0.185903365561 ,  0.252355052638 ,  0.186690133167 ,  0.406157689 ,  0.448771426283 ,  0.362604421468 ,  0.528160289559
LOQUACIOUS ,  0.0832464136104 ,  -0.0661832075122 ,  0.48649280598 ,  0.0682610938758 ,  0.341053063262 ,  0.197709056065 ,  0.423129361291 ,  0.0484585978315 ,  0.459251946461 ,  1.0 ,  0.105020667704 ,  0.224188222499 ,  0.193149082005 ,  0.140345853237 ,  0.355252911772 ,  0.173287467176 ,  0.409579099156 ,  0.522996364439 ,  0.225358945557 ,  0.502276649788
MUM ,  -0.0193947298337 ,  0.0488421228778 ,  0.156784013423 ,  0.156775871181 ,  0.248277945654 ,  0.00779094580909 ,  0.136162355798 ,  0.0333916139091 ,  0.0870045006502 ,  0.105020667704 ,  1.0 ,  0.195070651954 ,  0.185977085212 ,  0.0115434084759 ,  0.219641994182 ,  0.270590017348 ,  0.100012104085 ,  0.188251173472 ,  0.138449817091 ,  0.130186122044
MUTE ,  0.063419376678 ,  0.00879692397581 ,  0.364545217875 ,  0.0536030789078 ,  0.374615709254 ,  0.210673344723 ,  0.333771316295 ,  0.193214062663 ,  0.29723936125 ,  0.224188222499 ,  0.195070651954 ,  1.0 ,  0.275557147604 ,  0.198621213033 ,  0.177958075129 ,  0.272080436452 ,  0.319618295466 ,  0.380889748949 ,  0.325225901335 ,  0.325798490201
QUIET ,  0.189156979417 ,  0.0826751121229 ,  0.275257798318 ,  0.0253844919099 ,  0.210288690157 ,  0.188703610696 ,  0.235526051066 ,  0.119149213105 ,  0.20357818906 ,  0.193149082005 ,  0.185977085212 ,  0.275557147604 ,  1.0 ,  0.174883817244 ,  0.167784716811 ,  0.401071718295 ,  0.161657375651 ,  0.271918281173 ,  0.204364691944 ,  0.234847237462
RESERVED ,  0.0991610943922 ,  -0.0596067516659 ,  0.235757012021 ,  0.0439187702361 ,  0.159723616692 ,  0.25692365346 ,  0.207496412668 ,  0.0360392663407 ,  0.185903365561 ,  0.140345853237 ,  0.0115434084759 ,  0.198621213033 ,  0.174883817244 ,  1.0 ,  0.138575420046 ,  0.185995350087 ,  0.130227992233 ,  0.192710912842 ,  0.158689967451 ,  0.181052611204
RETICENT ,  0.0827150670497 ,  -0.0335682224549 ,  0.336850903168 ,  0.00143215730613 ,  0.28731158079 ,  0.151331688706 ,  0.327638206675 ,  0.045359353301 ,  0.252355052638 ,  0.355252911772 ,  0.219641994182 ,  0.177958075129 ,  0.167784716811 ,  0.138575420046 ,  1.0 ,  0.161041624782 ,  0.30225583693 ,  0.388030146146 ,  0.15827857792 ,  0.33099091703
SILENT ,  0.170187130019 ,  -0.0147412978511 ,  0.272275643612 ,  0.0502564983201 ,  0.203518427867 ,  0.152618154635 ,  0.218122911881 ,  0.0483800076449 ,  0.186690133167 ,  0.173287467176 ,  0.270590017348 ,  0.272080436452 ,  0.401071718295 ,  0.185995350087 ,  0.161041624782 ,  1.0 ,  0.117921155573 ,  0.233833849504 ,  0.188959640179 ,  0.237632301531
TACITURN ,  0.0611514140604 ,  -0.0527419933706 ,  0.479282284886 ,  0.062059723899 ,  0.29485605946 ,  0.0898687715715 ,  0.3825038113 ,  0.139444789021 ,  0.406157689 ,  0.409579099156 ,  0.100012104085 ,  0.319618295466 ,  0.161657375651 ,  0.130227992233 ,  0.30225583693 ,  0.117921155573 ,  1.0 ,  0.456162701009 ,  0.23765796206 ,  0.45396194736
TALKATIVE ,  0.106774452229 ,  -0.0620395638839 ,  0.594813138053 ,  0.13178241124 ,  0.38345749367 ,  0.252544122335 ,  0.499225647545 ,  0.102465556594 ,  0.448771426283 ,  0.522996364439 ,  0.188251173472 ,  0.380889748949 ,  0.271918281173 ,  0.192710912842 ,  0.388030146146 ,  0.233833849504 ,  0.456162701009 ,  1.0 ,  0.296465046698 ,  0.573841356061
TERSE ,  0.0796489334067 ,  -0.0429696026856 ,  0.355435321086 ,  0.196014940475 ,  0.458872117252 ,  0.288686818306 ,  0.44012961002 ,  0.175422891227 ,  0.362604421468 ,  0.225358945557 ,  0.138449817091 ,  0.325225901335 ,  0.204364691944 ,  0.158689967451 ,  0.15827857792 ,  0.188959640179 ,  0.23765796206 ,  0.296465046698 ,  1.0 ,  0.349685147645
VOLUBLE ,  0.120509230702 ,  -0.0611275692899 ,  0.548580865523 ,  0.118882726862 ,  0.450692831813 ,  0.306626126372 ,  0.509597082847 ,  0.110747782673 ,  0.528160289559 ,  0.502276649788 ,  0.130186122044 ,  0.325798490201 ,  0.234847237462 ,  0.181052611204 ,  0.33099091703 ,  0.237632301531 ,  0.45396194736 ,  0.573841356061 ,  0.349685147645 ,  1.0
