TERRIFIC:		 100.0
WONDERFUL:		 93.9162919113
INCREDIBLE:		 90.6506086963
TERRIBLE:		 92.9339732687
HORRIBLE:		 96.777293803
