['foolish' 'idiotic' 'moronic' 'stupid']
[ 0.04070642  0.03156985  0.0192663   0.00977765]
4


stupid:		 0.00977764965627
moronic:		 0.0192662985086
idiotic:		 0.0315698527539
foolish:		 0.0407064152638


tau =  -1.0
spear =  -1.0
