['hot' 'sticky' 'warm']
[ 0.01136459  0.00894168  0.01345738]
3


warm:		 0.0134573825294
hot:		 0.0113645851264
sticky:		 0.00894167709386


tau =  -0.333333333333
spear =  -0.5
