HOT:		 100.0
STICKY:		 99.7102856026
WARM:		 92.7051611004
COLD:		 95.713259987
MILD:		 99.2303711484
