{'HOT': 0, 'WARM': 2, 'STICKY': 1}
{'MILD': 0, 'FREEZING': 2, 'COLD': 1}


HOT:		 97.592848752
STICKY:		 92.9832980063
WARM:		 86.1819843325
COLD:		 86.0538325366
MILD:		 90.7042985542
FREEZING:		 100.0


tau_positive_class =  1.0
tau_negative_class =  0.333333333333
spear_positive_class =  1.0
spear_negative_class =  0.5 

