{'PLEASED': 3, 'JOYFUL': 1, 'ECSTATIC': 0, 'HAPPY': 2}
{'UNHAPPY': 0, 'SAD': 1}


PLEASED:		 100.0
JOYFUL:		 97.6377269477
ECSTATIC:		 94.5643274914
HAPPY:		 86.0332076079
UNHAPPY:		 92.2040520849
SAD:		 96.9135789386


tau_positive_class =  -0.333333333333
tau_negative_class =  1.0
spear_positive_class =  -0.4
spear_negative_class =  1.0 

