{'PLEASED': 3, 'JOYFUL': 1, 'ECSTATIC': 0, 'HAPPY': 2}
{'UNHAPPY': 0, 'SAD': 1}


PLEASED:		 100.0
JOYFUL:		 91.1692807026
ECSTATIC:		 86.5172837719
HAPPY:		 73.966533365
UNHAPPY:		 83.0143928787
SAD:		 92.812156041


tau_positive_class =  -0.333333333333
tau_negative_class =  1.0
spear_positive_class =  -0.4
spear_negative_class =  1.0 

