PLEASED:		 98.9947762841
HAPPY:		 91.0419934824
UNHAPPY:		 87.6552019525
ANGRY:		 97.3999526973
FURIOUS:		 100.0
