WORDS  , ARTIFICIAL , BOGUS , COUNTERFEIT , ERSATZ , FAKE , FALSE , GENUINE , PSEUDO
ARTIFICIAL ,  1.0 ,  0.21588636843 ,  0.163209275844 ,  0.326332538099 ,  0.238068952447 ,  0.282578474176 ,  0.271995673267 ,  0.300233249057
BOGUS ,  0.21588636843 ,  1.0 ,  0.468776866438 ,  0.169746773658 ,  0.42645968005 ,  0.421653836228 ,  0.318731081338 ,  0.285984397683
COUNTERFEIT ,  0.163209275844 ,  0.468776866438 ,  1.0 ,  0.146892076204 ,  0.431445844721 ,  0.205173236112 ,  0.154411523573 ,  0.155180130293
ERSATZ ,  0.326332538099 ,  0.169746773658 ,  0.146892076204 ,  1.0 ,  0.219525487335 ,  0.181683706166 ,  0.371890078113 ,  0.554990954242
FAKE ,  0.238068952447 ,  0.42645968005 ,  0.431445844721 ,  0.219525487335 ,  1.0 ,  0.290284028012 ,  0.269571253247 ,  0.251021688516
FALSE ,  0.282578474176 ,  0.421653836228 ,  0.205173236112 ,  0.181683706166 ,  0.290284028012 ,  1.0 ,  0.352553218317 ,  0.234985128415
GENUINE ,  0.271995673267 ,  0.318731081338 ,  0.154411523573 ,  0.371890078113 ,  0.269571253247 ,  0.352553218317 ,  1.0 ,  0.463999476693
PSEUDO ,  0.300233249057 ,  0.285984397683 ,  0.155180130293 ,  0.554990954242 ,  0.251021688516 ,  0.234985128415 ,  0.463999476693 ,  1.0
