WORDS  , BEAUTIFUL , ELEGANT , FAIR , HANDSOME , LOVELY , SMART , TASTY , UGLY
BEAUTIFUL ,  1.0 ,  0.573667101952 ,  0.212353075999 ,  0.493994604091 ,  0.740546229614 ,  0.303217699047 ,  0.279632193398 ,  0.451946616711
ELEGANT ,  0.573667101952 ,  1.0 ,  0.177689563525 ,  0.598000554091 ,  0.607501618257 ,  0.26983343578 ,  0.395566837766 ,  0.412402276469
FAIR ,  0.212353075999 ,  0.177689563525 ,  1.0 ,  0.169700657276 ,  0.215970943676 ,  0.248099945077 ,  0.154725764499 ,  0.171846660366
HANDSOME ,  0.493994604091 ,  0.598000554091 ,  0.169700657276 ,  1.0 ,  0.568966401673 ,  0.346266723473 ,  0.322700644018 ,  0.418024969797
LOVELY ,  0.740546229614 ,  0.607501618257 ,  0.215970943676 ,  0.568966401673 ,  1.0 ,  0.298631095577 ,  0.346138132809 ,  0.45126779258
SMART ,  0.303217699047 ,  0.26983343578 ,  0.248099945077 ,  0.346266723473 ,  0.298631095577 ,  1.0 ,  0.209913860728 ,  0.236890442983
TASTY ,  0.279632193398 ,  0.395566837766 ,  0.154725764499 ,  0.322700644018 ,  0.346138132809 ,  0.209913860728 ,  1.0 ,  0.284553046397
UGLY ,  0.451946616711 ,  0.412402276469 ,  0.171846660366 ,  0.418024969797 ,  0.45126779258 ,  0.236890442983 ,  0.284553046397 ,  1.0
