WORDS  , BELIEVE , CERTAIN , CERTAINTY , CONFIDENCE , CONFIDENT , CONVINCED , DOUBTFUL , DOUBT , DOUBT , DUBIOUS , KNOW , POSITIVE , SKEPTICAL , SKEPTICISM , SKEPTIC , SURE , TRUST , UNCERTAIN , UNCERTAINTY , UNSURE
BELIEVE ,  1.0 ,  0.253930685174 ,  0.20699752454 ,  0.291473119914 ,  0.414289406109 ,  0.457370110595 ,  0.234426554008 ,  0.323349311523 ,  0.323349311523 ,  0.0688568459138 ,  0.490538633379 ,  0.122581516845 ,  0.231962538779 ,  0.175718122364 ,  0.0206754403846 ,  0.410339926583 ,  0.292940667054 ,  0.152145885982 ,  0.16553594864 ,  0.240187058913
CERTAIN ,  0.253930685174 ,  1.0 ,  0.158191683209 ,  0.100044301905 ,  0.361567891471 ,  0.346542582089 ,  0.308134108276 ,  0.163269591184 ,  0.163269591184 ,  0.250771302605 ,  0.254583939076 ,  0.32638788787 ,  0.347719438236 ,  0.0501445866077 ,  0.00622205677647 ,  0.438416701265 ,  0.0803862449948 ,  0.303628107573 ,  0.0768014285823 ,  0.247069730259
CERTAINTY ,  0.20699752454 ,  0.158191683209 ,  1.0 ,  0.330839112796 ,  0.236252828827 ,  0.211617517437 ,  0.205928137909 ,  0.352969361192 ,  0.352969361192 ,  0.0410814095319 ,  0.116715110188 ,  0.103891400908 ,  0.140668113865 ,  0.389169264533 ,  0.186128872218 ,  0.237734625465 ,  0.116692074617 ,  0.21411423396 ,  0.4500763087 ,  0.311368498797
CONFIDENCE ,  0.291473119914 ,  0.100044301905 ,  0.330839112796 ,  1.0 ,  0.307951068731 ,  0.171104751498 ,  0.143731486818 ,  0.319342026995 ,  0.319342026995 ,  0.000733497265897 ,  0.119380450261 ,  0.115402250605 ,  0.127490237574 ,  0.42053888494 ,  0.0377805709628 ,  0.203130674929 ,  0.373368750101 ,  0.091584545626 ,  0.39203959024 ,  0.153187842171
CONFIDENT ,  0.414289406109 ,  0.361567891471 ,  0.236252828827 ,  0.307951068731 ,  1.0 ,  0.510371848373 ,  0.527639157921 ,  0.295494757951 ,  0.295494757951 ,  0.186954240879 ,  0.221669014832 ,  0.283270506107 ,  0.535138486414 ,  0.143856427101 ,  0.0489702003729 ,  0.46030763739 ,  0.14973722929 ,  0.371147938705 ,  0.176679265451 ,  0.440614200724
CONVINCED ,  0.457370110595 ,  0.346542582089 ,  0.211617517437 ,  0.171104751498 ,  0.510371848373 ,  1.0 ,  0.350377061415 ,  0.262722535948 ,  0.262722535948 ,  0.147085883111 ,  0.295161203505 ,  0.137697324267 ,  0.390115639968 ,  0.151734391559 ,  0.0455830175444 ,  0.45354296297 ,  0.183041292288 ,  0.217585602499 ,  0.13526975045 ,  0.32846673782
DOUBTFUL ,  0.234426554008 ,  0.308134108276 ,  0.205928137909 ,  0.143731486818 ,  0.527639157921 ,  0.350377061415 ,  1.0 ,  0.205484124347 ,  0.205484124347 ,  0.359977709661 ,  0.130312637234 ,  0.261919968836 ,  0.500453101502 ,  0.137692453576 ,  0.0529291668685 ,  0.34455706324 ,  0.0677610554171 ,  0.428937040872 ,  0.0885608292797 ,  0.503963597616
DOUBT ,  0.323349311523 ,  0.163269591184 ,  0.352969361192 ,  0.319342026995 ,  0.295494757951 ,  0.262722535948 ,  0.205484124347 ,  1.0 ,  1.0 ,  0.0158435508918 ,  0.244434363888 ,  0.115704252326 ,  0.195396336416 ,  0.353217622692 ,  0.117590889568 ,  0.254094449154 ,  0.172671141552 ,  0.156706923686 ,  0.362810415119 ,  0.208034196116
DOUBT ,  0.323349311523 ,  0.163269591184 ,  0.352969361192 ,  0.319342026995 ,  0.295494757951 ,  0.262722535948 ,  0.205484124347 ,  1.0 ,  1.0 ,  0.0158435508918 ,  0.244434363888 ,  0.115704252326 ,  0.195396336416 ,  0.353217622692 ,  0.117590889568 ,  0.254094449154 ,  0.172671141552 ,  0.156706923686 ,  0.362810415119 ,  0.208034196116
DUBIOUS ,  0.0688568459138 ,  0.250771302605 ,  0.0410814095319 ,  0.000733497265897 ,  0.186954240879 ,  0.147085883111 ,  0.359977709661 ,  0.0158435508918 ,  0.0158435508918 ,  1.0 ,  0.0780390700166 ,  0.304424554871 ,  0.302108087257 ,  0.0429785046857 ,  -0.0120168898215 ,  0.152483422089 ,  0.00908915056649 ,  0.389670227534 ,  0.0213529089743 ,  0.267027381649
KNOW ,  0.490538633379 ,  0.254583939076 ,  0.116715110188 ,  0.119380450261 ,  0.221669014832 ,  0.295161203505 ,  0.130312637234 ,  0.244434363888 ,  0.244434363888 ,  0.0780390700166 ,  1.0 ,  0.140281089226 ,  0.150414180876 ,  0.0947141838349 ,  0.028549166294 ,  0.365647439237 ,  0.18030012214 ,  0.162447251682 ,  0.124702345763 ,  0.254468697589
POSITIVE ,  0.122581516845 ,  0.32638788787 ,  0.103891400908 ,  0.115402250605 ,  0.283270506107 ,  0.137697324267 ,  0.261919968836 ,  0.115704252326 ,  0.115704252326 ,  0.304424554871 ,  0.140281089226 ,  1.0 ,  0.27513342976 ,  0.111859414068 ,  0.0494692376332 ,  0.20386355728 ,  0.082311273779 ,  0.34568318767 ,  0.131352461377 ,  0.228719321845
SKEPTICAL ,  0.231962538779 ,  0.347719438236 ,  0.140668113865 ,  0.127490237574 ,  0.535138486414 ,  0.390115639968 ,  0.500453101502 ,  0.195396336416 ,  0.195396336416 ,  0.302108087257 ,  0.150414180876 ,  0.27513342976 ,  1.0 ,  0.252416416155 ,  0.190483893012 ,  0.311379221664 ,  0.104093444181 ,  0.370942672617 ,  0.162862443981 ,  0.457680266593
SKEPTICISM ,  0.175718122364 ,  0.0501445866077 ,  0.389169264533 ,  0.42053888494 ,  0.143856427101 ,  0.151734391559 ,  0.137692453576 ,  0.353217622692 ,  0.353217622692 ,  0.0429785046857 ,  0.0947141838349 ,  0.111859414068 ,  0.252416416155 ,  1.0 ,  0.272122148537 ,  0.10050035292 ,  0.21128799967 ,  0.146933256756 ,  0.598164425125 ,  0.204112231942
SKEPTIC ,  0.0206754403846 ,  0.00622205677647 ,  0.186128872218 ,  0.0377805709628 ,  0.0489702003729 ,  0.0455830175444 ,  0.0529291668685 ,  0.117590889568 ,  0.117590889568 ,  -0.0120168898215 ,  0.028549166294 ,  0.0494692376332 ,  0.190483893012 ,  0.272122148537 ,  1.0 ,  0.0315632427541 ,  0.0358131284054 ,  0.064935789491 ,  0.219060491067 ,  0.0844551734464
SURE ,  0.410339926583 ,  0.438416701265 ,  0.237734625465 ,  0.203130674929 ,  0.46030763739 ,  0.45354296297 ,  0.34455706324 ,  0.254094449154 ,  0.254094449154 ,  0.152483422089 ,  0.365647439237 ,  0.20386355728 ,  0.311379221664 ,  0.10050035292 ,  0.0315632427541 ,  1.0 ,  0.110149198422 ,  0.224289406881 ,  0.138224059413 ,  0.341826391742
TRUST ,  0.292940667054 ,  0.0803862449948 ,  0.116692074617 ,  0.373368750101 ,  0.14973722929 ,  0.183041292288 ,  0.0677610554171 ,  0.172671141552 ,  0.172671141552 ,  0.00908915056649 ,  0.18030012214 ,  0.082311273779 ,  0.104093444181 ,  0.21128799967 ,  0.0358131284054 ,  0.110149198422 ,  1.0 ,  0.0478377832228 ,  0.195444820595 ,  0.12249006738
UNCERTAIN ,  0.152145885982 ,  0.303628107573 ,  0.21411423396 ,  0.091584545626 ,  0.371147938705 ,  0.217585602499 ,  0.428937040872 ,  0.156706923686 ,  0.156706923686 ,  0.389670227534 ,  0.162447251682 ,  0.34568318767 ,  0.370942672617 ,  0.146933256756 ,  0.064935789491 ,  0.224289406881 ,  0.0478377832228 ,  1.0 ,  0.186736597242 ,  0.478316066236
UNCERTAINTY ,  0.16553594864 ,  0.0768014285823 ,  0.4500763087 ,  0.39203959024 ,  0.176679265451 ,  0.13526975045 ,  0.0885608292797 ,  0.362810415119 ,  0.362810415119 ,  0.0213529089743 ,  0.124702345763 ,  0.131352461377 ,  0.162862443981 ,  0.598164425125 ,  0.219060491067 ,  0.138224059413 ,  0.195444820595 ,  0.186736597242 ,  1.0 ,  0.227307833273
UNSURE ,  0.240187058913 ,  0.247069730259 ,  0.311368498797 ,  0.153187842171 ,  0.440614200724 ,  0.32846673782 ,  0.503963597616 ,  0.208034196116 ,  0.208034196116 ,  0.267027381649 ,  0.254468697589 ,  0.228719321845 ,  0.457680266593 ,  0.204112231942 ,  0.0844551734464 ,  0.341826391742 ,  0.12249006738 ,  0.478316066236 ,  0.227307833273 ,  1.0
