WORDS  , ACHE , AMBITION , ASPIRATION , ASPIRE , COVET , CRAVE , CRAVING , DESIRED , DESIRE , DESIRE , DESIROUS , DYING , EAGER , FANCY , HANKERING , HOPE , HOPE , HUNGER , HUNGER , HUNGRY , INTERESTED , ITCH , LOATH , LONGING , LONG , LUST , LUST , PINE , RARING , RELUCTANT , SPOILING , THIRST , THIRST , THIRSTY , URGE , WANTS , WANT , WILL , WILL , WISH , WISH , WISH , YEARNING , YEARN , YEN , YEN
ACHE ,  1.0 ,  0.34918250086 ,  0.3622412823 ,  0.246608570442 ,  0.0835086273607 ,  0.0618901818288 ,  0.235910368507 ,  -0.00416010371023 ,  0.225834777492 ,  0.225834777492 ,  0.175489789576 ,  0.171715774454 ,  -0.0179144744315 ,  -0.0140753803672 ,  0.337171744487 ,  0.153281086377 ,  0.153281086377 ,  0.263640880825 ,  0.263640880825 ,  0.0275919000306 ,  0.0121725252574 ,  0.336550093084 ,  0.0620151730004 ,  0.418824517002 ,  -0.0137401607956 ,  0.455408642597 ,  0.455408642597 ,  0.0849969300561 ,  0.187502730437 ,  -0.0597026696479 ,  0.0751104357646 ,  0.37267654926 ,  0.37267654926 ,  0.00307682794547 ,  0.0474320365938 ,  0.0627495255957 ,  0.052365527936 ,  0.0540593183887 ,  0.0540593183887 ,  0.107061129922 ,  0.107061129922 ,  0.107061129922 ,  0.345460796085 ,  0.343907754293 ,  0.0909247754844 ,  0.0909247754844
AMBITION ,  0.34918250086 ,  1.0 ,  0.526658531386 ,  0.269175208744 ,  -0.046637520519 ,  0.104037851597 ,  0.214342894585 ,  -0.0202676469637 ,  0.495860667283 ,  0.495860667283 ,  0.149552231552 ,  0.0726978934547 ,  0.13990164663 ,  -0.0016587977825 ,  0.277160938003 ,  0.231304951103 ,  0.231304951103 ,  0.254781383886 ,  0.254781383886 ,  0.0174620735968 ,  0.0435697973572 ,  0.277476286071 ,  0.186422909443 ,  0.390671000686 ,  0.0103507882079 ,  0.42332872504 ,  0.42332872504 ,  0.0163543650766 ,  0.178940567656 ,  0.0727711721712 ,  0.0360601717159 ,  0.345743560728 ,  0.345743560728 ,  -0.0969990772178 ,  0.236399304301 ,  0.118637313386 ,  0.0943211920399 ,  0.11145528132 ,  0.11145528132 ,  0.224984123332 ,  0.224984123332 ,  0.224984123332 ,  0.385900307303 ,  0.24568875572 ,  0.167914695112 ,  0.167914695112
ASPIRATION ,  0.3622412823 ,  0.526658531386 ,  1.0 ,  0.239930597155 ,  0.0802117446639 ,  0.117892193658 ,  0.326376369736 ,  0.0172725837638 ,  0.406179342745 ,  0.406179342745 ,  0.245660326541 ,  0.0764542345849 ,  0.0937759173875 ,  0.0165329003105 ,  0.381026088187 ,  0.18556361528 ,  0.18556361528 ,  0.221139583165 ,  0.221139583165 ,  0.0197047898491 ,  -0.0108553076121 ,  0.29370223855 ,  0.134016274443 ,  0.380619977651 ,  -0.000470041010207 ,  0.367167215921 ,  0.367167215921 ,  0.037564939102 ,  0.203359420928 ,  0.0167110233297 ,  0.097544903448 ,  0.428018251411 ,  0.428018251411 ,  0.0174349919893 ,  0.24522854376 ,  0.0827264359551 ,  0.0651656537231 ,  0.0981874692402 ,  0.0981874692402 ,  0.156432766934 ,  0.156432766934 ,  0.156432766934 ,  0.415344608695 ,  0.307900008737 ,  0.109006580923 ,  0.109006580923
ASPIRE ,  0.246608570442 ,  0.269175208744 ,  0.239930597155 ,  1.0 ,  0.0775028124236 ,  0.147901852415 ,  0.023306309789 ,  0.151533377645 ,  0.179040330652 ,  0.179040330652 ,  0.122560223058 ,  0.0999952068917 ,  0.184342967758 ,  0.0160339512598 ,  0.324529923503 ,  0.11783131636 ,  0.11783131636 ,  0.120090811655 ,  0.120090811655 ,  0.106535822 ,  0.107712749272 ,  0.129490083729 ,  0.274374292445 ,  0.291899353334 ,  0.00170795109106 ,  0.208020934765 ,  0.208020934765 ,  0.074691022984 ,  0.371293144882 ,  0.108624574771 ,  0.0900775532403 ,  0.179135693186 ,  0.179135693186 ,  0.106434733507 ,  0.0455066119621 ,  0.125454910775 ,  0.0995306530587 ,  -0.0118518386002 ,  -0.0118518386002 ,  0.141153574211 ,  0.141153574211 ,  0.141153574211 ,  0.309085859109 ,  0.544531000128 ,  0.0105774061097 ,  0.0105774061097
COVET ,  0.0835086273607 ,  -0.046637520519 ,  0.0802117446639 ,  0.0775028124236 ,  1.0 ,  0.464131910725 ,  0.259181752331 ,  0.211627506993 ,  0.117692060674 ,  0.117692060674 ,  -0.0253014876021 ,  -0.0342294309789 ,  -0.0118676868116 ,  0.129755586075 ,  0.0828449959822 ,  0.0782281914808 ,  0.0782281914808 ,  -0.0181788990021 ,  -0.0181788990021 ,  0.052217383493 ,  0.0536272370167 ,  0.0329048649531 ,  0.0116637452592 ,  0.031207162483 ,  -0.0563779578021 ,  -0.00843782696164 ,  -0.00843782696164 ,  -0.0215251462872 ,  0.0634423896234 ,  -0.0172052180373 ,  0.376941490525 ,  0.0941976880215 ,  0.0941976880215 ,  0.0861868831257 ,  0.172379233242 ,  0.216470003114 ,  0.204116638874 ,  0.0125991853102 ,  0.0125991853102 ,  0.0727838164194 ,  0.0727838164194 ,  0.0727838164194 ,  0.0914371733086 ,  0.0948503052982 ,  -0.0709707551352 ,  -0.0709707551352
CRAVE ,  0.0618901818288 ,  0.104037851597 ,  0.117892193658 ,  0.147901852415 ,  0.464131910725 ,  1.0 ,  0.376904536203 ,  0.282691894155 ,  0.215844891127 ,  0.215844891127 ,  -0.0205239452622 ,  -0.028801497444 ,  0.099033950774 ,  0.165145471051 ,  0.115249196436 ,  0.131894510251 ,  0.131894510251 ,  0.0286355769882 ,  0.0286355769882 ,  0.0443909938193 ,  0.10343754189 ,  0.0707454279361 ,  0.136490780708 ,  0.139752735747 ,  0.0230629507298 ,  0.0353195647788 ,  0.0353195647788 ,  -0.0467016965301 ,  0.0738077263275 ,  0.0622669829494 ,  0.297910624736 ,  0.142719598086 ,  0.142719598086 ,  0.0389486312114 ,  0.205285355599 ,  0.281502567004 ,  0.259655477786 ,  0.0914457656896 ,  0.0914457656896 ,  0.145425877268 ,  0.145425877268 ,  0.145425877268 ,  0.206579154381 ,  0.195672510121 ,  -0.00995120717308 ,  -0.00995120717308
CRAVING ,  0.235910368507 ,  0.214342894585 ,  0.326376369736 ,  0.023306309789 ,  0.259181752331 ,  0.376904536203 ,  1.0 ,  0.0448563426168 ,  0.292839704654 ,  0.292839704654 ,  -0.00331948377513 ,  -0.0436783995886 ,  0.00696238993765 ,  0.080076489007 ,  0.349889259424 ,  0.0742747562719 ,  0.0742747562719 ,  0.191501726941 ,  0.191501726941 ,  0.0163802806651 ,  -0.0424160105352 ,  0.208402888473 ,  0.0456165585188 ,  0.250379472439 ,  -0.0940128845754 ,  0.358226092735 ,  0.358226092735 ,  0.0521794436936 ,  0.0639454110198 ,  -0.0807341973691 ,  0.258367526756 ,  0.492029500282 ,  0.492029500282 ,  0.0395074502537 ,  0.19126571661 ,  0.0800357874574 ,  0.0514892276932 ,  0.0421018256195 ,  0.0421018256195 ,  0.0492145455046 ,  0.0492145455046 ,  0.0492145455046 ,  0.304944167534 ,  0.174148760937 ,  0.137830831635 ,  0.137830831635
DESIRED ,  -0.00416010371023 ,  -0.0202676469637 ,  0.0172725837638 ,  0.151533377645 ,  0.211627506993 ,  0.282691894155 ,  0.0448563426168 ,  1.0 ,  0.0613293847722 ,  0.0613293847722 ,  0.0798035189365 ,  0.0612812218658 ,  0.255706453041 ,  0.17481312258 ,  0.0570236382289 ,  0.0406222829361 ,  0.0406222829361 ,  -0.00638756315732 ,  -0.00638756315732 ,  0.140011917649 ,  0.158702633768 ,  0.0161529657914 ,  0.164006643933 ,  0.0893046648033 ,  0.100006408904 ,  -0.0683401462517 ,  -0.0683401462517 ,  -0.0209564950244 ,  0.154511410014 ,  0.261891874144 ,  0.145326108682 ,  0.0244377279151 ,  0.0244377279151 ,  0.207058882899 ,  0.0333362374044 ,  0.156985090015 ,  0.139443681299 ,  -0.00412486181228 ,  -0.00412486181228 ,  0.115363266324 ,  0.115363266324 ,  0.115363266324 ,  0.110567439968 ,  0.167828817223 ,  -0.0731389114628 ,  -0.0731389114628
DESIRE ,  0.225834777492 ,  0.495860667283 ,  0.406179342745 ,  0.179040330652 ,  0.117692060674 ,  0.215844891127 ,  0.292839704654 ,  0.0613293847722 ,  1.0 ,  1.0 ,  0.0678973840354 ,  0.107470435526 ,  0.24094541459 ,  0.0563797127253 ,  0.260225802849 ,  0.332423928627 ,  0.332423928627 ,  0.210489601365 ,  0.210489601365 ,  0.0798770405132 ,  0.0984042672796 ,  0.222045827164 ,  0.166258238048 ,  0.34285598917 ,  0.0608271332103 ,  0.246397107026 ,  0.246397107026 ,  0.0200322581015 ,  0.144169526727 ,  0.111172622953 ,  0.100458041299 ,  0.327107878183 ,  0.327107878183 ,  -0.0528085662415 ,  0.332034268952 ,  0.387482807639 ,  0.34494980356 ,  0.247982906496 ,  0.247982906496 ,  0.312726834182 ,  0.312726834182 ,  0.312726834182 ,  0.425015735312 ,  0.261489029068 ,  0.147139872363 ,  0.147139872363
DESIRE ,  0.225834777492 ,  0.495860667283 ,  0.406179342745 ,  0.179040330652 ,  0.117692060674 ,  0.215844891127 ,  0.292839704654 ,  0.0613293847722 ,  1.0 ,  1.0 ,  0.0678973840354 ,  0.107470435526 ,  0.24094541459 ,  0.0563797127253 ,  0.260225802849 ,  0.332423928627 ,  0.332423928627 ,  0.210489601365 ,  0.210489601365 ,  0.0798770405132 ,  0.0984042672796 ,  0.222045827164 ,  0.166258238048 ,  0.34285598917 ,  0.0608271332103 ,  0.246397107026 ,  0.246397107026 ,  0.0200322581015 ,  0.144169526727 ,  0.111172622953 ,  0.100458041299 ,  0.327107878183 ,  0.327107878183 ,  -0.0528085662415 ,  0.332034268952 ,  0.387482807639 ,  0.34494980356 ,  0.247982906496 ,  0.247982906496 ,  0.312726834182 ,  0.312726834182 ,  0.312726834182 ,  0.425015735312 ,  0.261489029068 ,  0.147139872363 ,  0.147139872363
DESIROUS ,  0.175489789576 ,  0.149552231552 ,  0.245660326541 ,  0.122560223058 ,  -0.0253014876021 ,  -0.0205239452622 ,  -0.00331948377513 ,  0.0798035189365 ,  0.0678973840354 ,  0.0678973840354 ,  1.0 ,  0.14636360804 ,  0.0916215194489 ,  0.0514515317397 ,  0.177848370798 ,  0.0356948366164 ,  0.0356948366164 ,  0.0451115288801 ,  0.0451115288801 ,  0.0704266894747 ,  0.0852897005587 ,  0.0858706588136 ,  0.267276162655 ,  0.160265163611 ,  0.018217929694 ,  0.126826735367 ,  0.126826735367 ,  -0.0130356091675 ,  0.28848397798 ,  0.156334007962 ,  0.000647484539347 ,  0.0799344234452 ,  0.0799344234452 ,  0.0662786321009 ,  0.0568740558268 ,  -0.00854242815183 ,  0.0181051533486 ,  -0.00646029254506 ,  -0.00646029254506 ,  0.0402118983206 ,  0.0402118983206 ,  0.0402118983206 ,  0.146565308759 ,  0.182714688072 ,  0.0263233407054 ,  0.0263233407054
DYING ,  0.171715774454 ,  0.0726978934547 ,  0.0764542345849 ,  0.0999952068917 ,  -0.0342294309789 ,  -0.028801497444 ,  -0.0436783995886 ,  0.0612812218658 ,  0.107470435526 ,  0.107470435526 ,  0.14636360804 ,  1.0 ,  0.226945837913 ,  0.0194150730735 ,  0.0317254989556 ,  0.0836422966856 ,  0.0836422966856 ,  0.189332648818 ,  0.189332648818 ,  0.340526542553 ,  0.193824895625 ,  0.0644512965288 ,  0.0199961112892 ,  0.148766187412 ,  0.112027539366 ,  0.0693409522127 ,  0.0693409522127 ,  0.0531167566554 ,  0.141216041753 ,  0.16541549409 ,  0.0376191216604 ,  0.0693086400458 ,  0.0693086400458 ,  0.179876834252 ,  0.024184420582 ,  0.162759663104 ,  0.154938470075 ,  0.116569779098 ,  0.116569779098 ,  0.104948521583 ,  0.104948521583 ,  0.104948521583 ,  0.133375863303 ,  0.14379516082 ,  0.0689122414738 ,  0.0689122414738
EAGER ,  -0.0179144744315 ,  0.13990164663 ,  0.0937759173875 ,  0.184342967758 ,  -0.0118676868116 ,  0.099033950774 ,  0.00696238993765 ,  0.255706453041 ,  0.24094541459 ,  0.24094541459 ,  0.0916215194489 ,  0.226945837913 ,  1.0 ,  0.170209405165 ,  0.16379139592 ,  0.171791460119 ,  0.171791460119 ,  0.0529667631887 ,  0.0529667631887 ,  0.431369929786 ,  0.270928931964 ,  0.0294404510562 ,  0.256917975736 ,  0.308027938432 ,  0.191823585789 ,  -0.00261261245348 ,  -0.00261261245348 ,  0.0237680024689 ,  0.249495417461 ,  0.552135825652 ,  0.174562516418 ,  0.0748368152082 ,  0.0748368152082 ,  0.34466148497 ,  0.164980184389 ,  0.276689567032 ,  0.25219061943 ,  0.100998799389 ,  0.100998799389 ,  0.242774300807 ,  0.242774300807 ,  0.242774300807 ,  0.348259107028 ,  0.30375500484 ,  -0.00959875139561 ,  -0.00959875139561
FANCY ,  -0.0140753803672 ,  -0.0016587977825 ,  0.0165329003105 ,  0.0160339512598 ,  0.129755586075 ,  0.165145471051 ,  0.080076489007 ,  0.17481312258 ,  0.0563797127253 ,  0.0563797127253 ,  0.0514515317397 ,  0.0194150730735 ,  0.170209405165 ,  1.0 ,  0.0410681363794 ,  0.0223926430495 ,  0.0223926430495 ,  0.00638217126524 ,  0.00638217126524 ,  0.192358191026 ,  0.166261291542 ,  -0.00304285829008 ,  0.0539379496311 ,  0.0642934677706 ,  0.144517394325 ,  0.0247063890172 ,  0.0247063890172 ,  0.0965725775423 ,  0.0782028155762 ,  0.150442562187 ,  0.0889470045528 ,  0.0277564545929 ,  0.0277564545929 ,  0.163343154422 ,  0.00150687011599 ,  0.100964896149 ,  0.0923790992924 ,  0.027534819104 ,  0.027534819104 ,  0.0884977962321 ,  0.0884977962321 ,  0.0884977962321 ,  0.0878200466327 ,  0.109719611192 ,  -0.0214325967282 ,  -0.0214325967282
HANKERING ,  0.337171744487 ,  0.277160938003 ,  0.381026088187 ,  0.324529923503 ,  0.0828449959822 ,  0.115249196436 ,  0.349889259424 ,  0.0570236382289 ,  0.260225802849 ,  0.260225802849 ,  0.177848370798 ,  0.0317254989556 ,  0.16379139592 ,  0.0410681363794 ,  1.0 ,  0.0844083170464 ,  0.0844083170464 ,  0.184881247373 ,  0.184881247373 ,  0.0637680539928 ,  0.0228995332315 ,  0.254306182694 ,  0.31308872954 ,  0.497333996285 ,  -0.0791514181269 ,  0.366663302606 ,  0.366663302606 ,  0.100804715515 ,  0.392698254293 ,  0.0724859726411 ,  0.259182637372 ,  0.464610229487 ,  0.464610229487 ,  0.102118412532 ,  0.150161508934 ,  0.0244440244674 ,  0.0352051000119 ,  0.00533176365857 ,  0.00533176365857 ,  0.112996052244 ,  0.112996052244 ,  0.112996052244 ,  0.478814127272 ,  0.565406940353 ,  0.0585920329579 ,  0.0585920329579
HOPE ,  0.153281086377 ,  0.231304951103 ,  0.18556361528 ,  0.11783131636 ,  0.0782281914808 ,  0.131894510251 ,  0.0742747562719 ,  0.0406222829361 ,  0.332423928627 ,  0.332423928627 ,  0.0356948366164 ,  0.0836422966856 ,  0.171791460119 ,  0.0223926430495 ,  0.0844083170464 ,  1.0 ,  1.0 ,  0.0852293145454 ,  0.0852293145454 ,  0.0789169831104 ,  0.141317872788 ,  0.0532186044918 ,  0.0109711670088 ,  0.145435819841 ,  0.147134103332 ,  0.0993389558704 ,  0.0993389558704 ,  -0.0019304984618 ,  0.0762079419483 ,  0.11447753776 ,  0.0518235378132 ,  0.0999650857157 ,  0.0999650857157 ,  -0.00173127068318 ,  0.318419714947 ,  0.325708688964 ,  0.340264529737 ,  0.253259878843 ,  0.253259878843 ,  0.443448043752 ,  0.443448043752 ,  0.443448043752 ,  0.186364310607 ,  0.141089004884 ,  0.120801732429 ,  0.120801732429
HOPE ,  0.153281086377 ,  0.231304951103 ,  0.18556361528 ,  0.11783131636 ,  0.0782281914808 ,  0.131894510251 ,  0.0742747562719 ,  0.0406222829361 ,  0.332423928627 ,  0.332423928627 ,  0.0356948366164 ,  0.0836422966856 ,  0.171791460119 ,  0.0223926430495 ,  0.0844083170464 ,  1.0 ,  1.0 ,  0.0852293145454 ,  0.0852293145454 ,  0.0789169831104 ,  0.141317872788 ,  0.0532186044918 ,  0.0109711670088 ,  0.145435819841 ,  0.147134103332 ,  0.0993389558704 ,  0.0993389558704 ,  -0.0019304984618 ,  0.0762079419483 ,  0.11447753776 ,  0.0518235378132 ,  0.0999650857157 ,  0.0999650857157 ,  -0.00173127068318 ,  0.318419714947 ,  0.325708688964 ,  0.340264529737 ,  0.253259878843 ,  0.253259878843 ,  0.443448043752 ,  0.443448043752 ,  0.443448043752 ,  0.186364310607 ,  0.141089004884 ,  0.120801732429 ,  0.120801732429
HUNGER ,  0.263640880825 ,  0.254781383886 ,  0.221139583165 ,  0.120090811655 ,  -0.0181788990021 ,  0.0286355769882 ,  0.191501726941 ,  -0.00638756315732 ,  0.210489601365 ,  0.210489601365 ,  0.0451115288801 ,  0.189332648818 ,  0.0529667631887 ,  0.00638217126524 ,  0.184881247373 ,  0.0852293145454 ,  0.0852293145454 ,  1.0 ,  1.0 ,  0.121675396505 ,  0.0436144413533 ,  0.209544626487 ,  0.0202591509402 ,  0.274539931758 ,  0.00467476499649 ,  0.315462330808 ,  0.315462330808 ,  0.12932101308 ,  0.083903600169 ,  -0.018821045509 ,  0.0751345961376 ,  0.31474479606 ,  0.31474479606 ,  0.0469513786854 ,  0.0583407322011 ,  0.00628544750874 ,  0.000707766990473 ,  0.0613080464192 ,  0.0613080464192 ,  0.0519663068651 ,  0.0519663068651 ,  0.0519663068651 ,  0.270652567557 ,  0.221390804765 ,  0.0809774665564 ,  0.0809774665564
HUNGER ,  0.263640880825 ,  0.254781383886 ,  0.221139583165 ,  0.120090811655 ,  -0.0181788990021 ,  0.0286355769882 ,  0.191501726941 ,  -0.00638756315732 ,  0.210489601365 ,  0.210489601365 ,  0.0451115288801 ,  0.189332648818 ,  0.0529667631887 ,  0.00638217126524 ,  0.184881247373 ,  0.0852293145454 ,  0.0852293145454 ,  1.0 ,  1.0 ,  0.121675396505 ,  0.0436144413533 ,  0.209544626487 ,  0.0202591509402 ,  0.274539931758 ,  0.00467476499649 ,  0.315462330808 ,  0.315462330808 ,  0.12932101308 ,  0.083903600169 ,  -0.018821045509 ,  0.0751345961376 ,  0.31474479606 ,  0.31474479606 ,  0.0469513786854 ,  0.0583407322011 ,  0.00628544750874 ,  0.000707766990473 ,  0.0613080464192 ,  0.0613080464192 ,  0.0519663068651 ,  0.0519663068651 ,  0.0519663068651 ,  0.270652567557 ,  0.221390804765 ,  0.0809774665564 ,  0.0809774665564
HUNGRY ,  0.0275919000306 ,  0.0174620735968 ,  0.0197047898491 ,  0.106535822 ,  0.052217383493 ,  0.0443909938193 ,  0.0163802806651 ,  0.140011917649 ,  0.0798770405132 ,  0.0798770405132 ,  0.0704266894747 ,  0.340526542553 ,  0.431369929786 ,  0.192358191026 ,  0.0637680539928 ,  0.0789169831104 ,  0.0789169831104 ,  0.121675396505 ,  0.121675396505 ,  1.0 ,  0.219625720846 ,  0.059913329159 ,  0.0874132089515 ,  0.142113763042 ,  0.129736806179 ,  0.0348140947506 ,  0.0348140947506 ,  0.0934569045751 ,  0.139914227771 ,  0.303333667146 ,  0.151201105843 ,  0.131142329204 ,  0.131142329204 ,  0.498611783693 ,  0.0539280008572 ,  0.0806097899327 ,  0.0876732139067 ,  0.0422303330737 ,  0.0422303330737 ,  0.121902914827 ,  0.121902914827 ,  0.121902914827 ,  0.186574149352 ,  0.189492700463 ,  -0.0334671515903 ,  -0.0334671515903
INTERESTED ,  0.0121725252574 ,  0.0435697973572 ,  -0.0108553076121 ,  0.107712749272 ,  0.0536272370167 ,  0.10343754189 ,  -0.0424160105352 ,  0.158702633768 ,  0.0984042672796 ,  0.0984042672796 ,  0.0852897005587 ,  0.193824895625 ,  0.270928931964 ,  0.166261291542 ,  0.0228995332315 ,  0.141317872788 ,  0.141317872788 ,  0.0436144413533 ,  0.0436144413533 ,  0.219625720846 ,  1.0 ,  -0.0129840056167 ,  0.0303404603586 ,  0.107265028503 ,  0.129214976074 ,  -0.0152981484105 ,  -0.0152981484105 ,  -0.0312736294999 ,  0.043772321244 ,  0.253905315833 ,  0.103891178508 ,  -0.00422111931704 ,  -0.00422111931704 ,  0.139291219203 ,  0.113542104575 ,  0.217561648609 ,  0.193557490254 ,  0.117688064244 ,  0.117688064244 ,  0.17474958258 ,  0.17474958258 ,  0.17474958258 ,  0.0972516873579 ,  0.0874335262161 ,  -0.0485092539031 ,  -0.0485092539031
ITCH ,  0.336550093084 ,  0.277476286071 ,  0.29370223855 ,  0.129490083729 ,  0.0329048649531 ,  0.0707454279361 ,  0.208402888473 ,  0.0161529657914 ,  0.222045827164 ,  0.222045827164 ,  0.0858706588136 ,  0.0644512965288 ,  0.0294404510562 ,  -0.00304285829008 ,  0.254306182694 ,  0.0532186044918 ,  0.0532186044918 ,  0.209544626487 ,  0.209544626487 ,  0.059913329159 ,  -0.0129840056167 ,  1.0 ,  0.0624592930243 ,  0.233608843647 ,  -0.0237240666844 ,  0.226172044112 ,  0.226172044112 ,  0.154672390732 ,  0.131027351391 ,  -0.0117894363394 ,  -0.0282135050569 ,  0.251919641454 ,  0.251919641454 ,  -0.00306327744807 ,  0.100162550239 ,  -0.0226165446805 ,  0.0204950737987 ,  0.00990865437482 ,  0.00990865437482 ,  0.0970049164678 ,  0.0970049164678 ,  0.0970049164678 ,  0.15231672305 ,  0.179295070177 ,  0.112045830967 ,  0.112045830967
LOATH ,  0.0620151730004 ,  0.186422909443 ,  0.134016274443 ,  0.274374292445 ,  0.0116637452592 ,  0.136490780708 ,  0.0456165585188 ,  0.164006643933 ,  0.166258238048 ,  0.166258238048 ,  0.267276162655 ,  0.0199961112892 ,  0.256917975736 ,  0.0539379496311 ,  0.31308872954 ,  0.0109711670088 ,  0.0109711670088 ,  0.0202591509402 ,  0.0202591509402 ,  0.0874132089515 ,  0.0303404603586 ,  0.0624592930243 ,  1.0 ,  0.286494692041 ,  0.00547594729384 ,  0.0627161221045 ,  0.0627161221045 ,  -0.0365791776716 ,  0.48044557497 ,  0.395087004806 ,  0.139932841563 ,  0.0709151775638 ,  0.0709151775638 ,  0.102252312851 ,  0.151973986769 ,  0.111646523368 ,  0.126937898226 ,  0.0114135564948 ,  0.0114135564948 ,  0.0871391644521 ,  0.0871391644521 ,  0.0871391644521 ,  0.302227633018 ,  0.352691288314 ,  0.00453098805479 ,  0.00453098805479
LONGING ,  0.418824517002 ,  0.390671000686 ,  0.380619977651 ,  0.291899353334 ,  0.031207162483 ,  0.139752735747 ,  0.250379472439 ,  0.0893046648033 ,  0.34285598917 ,  0.34285598917 ,  0.160265163611 ,  0.148766187412 ,  0.308027938432 ,  0.0642934677706 ,  0.497333996285 ,  0.145435819841 ,  0.145435819841 ,  0.274539931758 ,  0.274539931758 ,  0.142113763042 ,  0.107265028503 ,  0.233608843647 ,  0.286494692041 ,  1.0 ,  0.024881679234 ,  0.444284024828 ,  0.444284024828 ,  0.0942959878648 ,  0.345620827925 ,  0.14931999214 ,  0.26634207206 ,  0.400697679395 ,  0.400697679395 ,  0.108419407314 ,  0.116145960968 ,  0.0677946929669 ,  0.0834832061658 ,  0.0607889790669 ,  0.0607889790669 ,  0.120867248775 ,  0.120867248775 ,  0.120867248775 ,  0.687570149265 ,  0.551263368499 ,  0.0306640246421 ,  0.0306640246421
LONG ,  -0.0137401607956 ,  0.0103507882079 ,  -0.000470041010207 ,  0.00170795109106 ,  -0.0563779578021 ,  0.0230629507298 ,  -0.0940128845754 ,  0.100006408904 ,  0.0608271332103 ,  0.0608271332103 ,  0.018217929694 ,  0.112027539366 ,  0.191823585789 ,  0.144517394325 ,  -0.0791514181269 ,  0.147134103332 ,  0.147134103332 ,  0.00467476499649 ,  0.00467476499649 ,  0.129736806179 ,  0.129214976074 ,  -0.0237240666844 ,  0.00547594729384 ,  0.024881679234 ,  1.0 ,  -0.00500874178795 ,  -0.00500874178795 ,  0.0226634595783 ,  0.0367049359164 ,  0.140080319909 ,  -0.0700179665988 ,  -0.00574730838483 ,  -0.00574730838483 ,  0.0354833821979 ,  0.0242460686139 ,  0.158880341485 ,  0.165023806699 ,  0.177579401778 ,  0.177579401778 ,  0.132066371118 ,  0.132066371118 ,  0.132066371118 ,  0.0431214375708 ,  0.0071181610399 ,  0.0751449397222 ,  0.0751449397222
LUST ,  0.455408642597 ,  0.42332872504 ,  0.367167215921 ,  0.208020934765 ,  -0.00843782696164 ,  0.0353195647788 ,  0.358226092735 ,  -0.0683401462517 ,  0.246397107026 ,  0.246397107026 ,  0.126826735367 ,  0.0693409522127 ,  -0.00261261245348 ,  0.0247063890172 ,  0.366663302606 ,  0.0993389558704 ,  0.0993389558704 ,  0.315462330808 ,  0.315462330808 ,  0.0348140947506 ,  -0.0152981484105 ,  0.226172044112 ,  0.0627161221045 ,  0.444284024828 ,  -0.00500874178795 ,  1.0 ,  1.0 ,  0.148220911215 ,  0.137990487349 ,  -0.04891090184 ,  0.041938709182 ,  0.545000975642 ,  0.545000975642 ,  0.0477113985696 ,  0.0820512577099 ,  -0.0605193505833 ,  -0.0583547783723 ,  -0.00524904771638 ,  -0.00524904771638 ,  0.0531200432966 ,  0.0531200432966 ,  0.0531200432966 ,  0.421782469116 ,  0.308295695457 ,  0.145503710266 ,  0.145503710266
LUST ,  0.455408642597 ,  0.42332872504 ,  0.367167215921 ,  0.208020934765 ,  -0.00843782696164 ,  0.0353195647788 ,  0.358226092735 ,  -0.0683401462517 ,  0.246397107026 ,  0.246397107026 ,  0.126826735367 ,  0.0693409522127 ,  -0.00261261245348 ,  0.0247063890172 ,  0.366663302606 ,  0.0993389558704 ,  0.0993389558704 ,  0.315462330808 ,  0.315462330808 ,  0.0348140947506 ,  -0.0152981484105 ,  0.226172044112 ,  0.0627161221045 ,  0.444284024828 ,  -0.00500874178795 ,  1.0 ,  1.0 ,  0.148220911215 ,  0.137990487349 ,  -0.04891090184 ,  0.041938709182 ,  0.545000975642 ,  0.545000975642 ,  0.0477113985696 ,  0.0820512577099 ,  -0.0605193505833 ,  -0.0583547783723 ,  -0.00524904771638 ,  -0.00524904771638 ,  0.0531200432966 ,  0.0531200432966 ,  0.0531200432966 ,  0.421782469116 ,  0.308295695457 ,  0.145503710266 ,  0.145503710266
PINE ,  0.0849969300561 ,  0.0163543650766 ,  0.037564939102 ,  0.074691022984 ,  -0.0215251462872 ,  -0.0467016965301 ,  0.0521794436936 ,  -0.0209564950244 ,  0.0200322581015 ,  0.0200322581015 ,  -0.0130356091675 ,  0.0531167566554 ,  0.0237680024689 ,  0.0965725775423 ,  0.100804715515 ,  -0.0019304984618 ,  -0.0019304984618 ,  0.12932101308 ,  0.12932101308 ,  0.0934569045751 ,  -0.0312736294999 ,  0.154672390732 ,  -0.0365791776716 ,  0.0942959878648 ,  0.0226634595783 ,  0.148220911215 ,  0.148220911215 ,  1.0 ,  0.0513301988991 ,  -0.0326778814165 ,  -0.0252960491809 ,  0.181531265833 ,  0.181531265833 ,  0.108236292763 ,  -0.0598279778869 ,  -0.0550261709166 ,  -0.0588468747162 ,  -0.0788325046685 ,  -0.0788325046685 ,  0.00737360717588 ,  0.00737360717588 ,  0.00737360717588 ,  0.0770980377988 ,  0.15776320995 ,  0.0769211086088 ,  0.0769211086088
RARING ,  0.187502730437 ,  0.178940567656 ,  0.203359420928 ,  0.371293144882 ,  0.0634423896234 ,  0.0738077263275 ,  0.0639454110198 ,  0.154511410014 ,  0.144169526727 ,  0.144169526727 ,  0.28848397798 ,  0.141216041753 ,  0.249495417461 ,  0.0782028155762 ,  0.392698254293 ,  0.0762079419483 ,  0.0762079419483 ,  0.083903600169 ,  0.083903600169 ,  0.139914227771 ,  0.043772321244 ,  0.131027351391 ,  0.48044557497 ,  0.345620827925 ,  0.0367049359164 ,  0.137990487349 ,  0.137990487349 ,  0.0513301988991 ,  1.0 ,  0.243526865937 ,  0.166051828635 ,  0.136169367665 ,  0.136169367665 ,  0.119584978415 ,  0.0889575049876 ,  0.127825036167 ,  0.143326778515 ,  -0.00660101151346 ,  -0.00660101151346 ,  0.109656375071 ,  0.109656375071 ,  0.109656375071 ,  0.346859831144 ,  0.405657822366 ,  0.0119787835952 ,  0.0119787835952
RELUCTANT ,  -0.0597026696479 ,  0.0727711721712 ,  0.0167110233297 ,  0.108624574771 ,  -0.0172052180373 ,  0.0622669829494 ,  -0.0807341973691 ,  0.261891874144 ,  0.111172622953 ,  0.111172622953 ,  0.156334007962 ,  0.16541549409 ,  0.552135825652 ,  0.150442562187 ,  0.0724859726411 ,  0.11447753776 ,  0.11447753776 ,  -0.018821045509 ,  -0.018821045509 ,  0.303333667146 ,  0.253905315833 ,  -0.0117894363394 ,  0.395087004806 ,  0.14931999214 ,  0.140080319909 ,  -0.04891090184 ,  -0.04891090184 ,  -0.0326778814165 ,  0.243526865937 ,  1.0 ,  0.0706931284561 ,  -0.0764611110355 ,  -0.0764611110355 ,  0.292579888185 ,  0.190951434117 ,  0.216051455546 ,  0.207717894378 ,  0.0704103235705 ,  0.0704103235705 ,  0.206134587198 ,  0.206134587198 ,  0.206134587198 ,  0.203013496897 ,  0.195590649348 ,  -0.0442943169454 ,  -0.0442943169454
SPOILING ,  0.0751104357646 ,  0.0360601717159 ,  0.097544903448 ,  0.0900775532403 ,  0.376941490525 ,  0.297910624736 ,  0.258367526756 ,  0.145326108682 ,  0.100458041299 ,  0.100458041299 ,  0.000647484539347 ,  0.0376191216604 ,  0.174562516418 ,  0.0889470045528 ,  0.259182637372 ,  0.0518235378132 ,  0.0518235378132 ,  0.0751345961376 ,  0.0751345961376 ,  0.151201105843 ,  0.103891178508 ,  -0.0282135050569 ,  0.139932841563 ,  0.26634207206 ,  -0.0700179665988 ,  0.041938709182 ,  0.041938709182 ,  -0.0252960491809 ,  0.166051828635 ,  0.0706931284561 ,  1.0 ,  0.151331639832 ,  0.151331639832 ,  0.184624527156 ,  0.119147056114 ,  0.0991207514912 ,  0.09184908421 ,  0.0106589098028 ,  0.0106589098028 ,  0.0436206200545 ,  0.0436206200545 ,  0.0436206200545 ,  0.264653868488 ,  0.266277175493 ,  -0.0641977952458 ,  -0.0641977952458
THIRST ,  0.37267654926 ,  0.345743560728 ,  0.428018251411 ,  0.179135693186 ,  0.0941976880215 ,  0.142719598086 ,  0.492029500282 ,  0.0244377279151 ,  0.327107878183 ,  0.327107878183 ,  0.0799344234452 ,  0.0693086400458 ,  0.0748368152082 ,  0.0277564545929 ,  0.464610229487 ,  0.0999650857157 ,  0.0999650857157 ,  0.31474479606 ,  0.31474479606 ,  0.131142329204 ,  -0.00422111931704 ,  0.251919641454 ,  0.0709151775638 ,  0.400697679395 ,  -0.00574730838483 ,  0.545000975642 ,  0.545000975642 ,  0.181531265833 ,  0.136169367665 ,  -0.0764611110355 ,  0.151331639832 ,  1.0 ,  1.0 ,  0.124470376612 ,  0.125350513156 ,  0.0160561220936 ,  0.0120182980205 ,  0.0549697807925 ,  0.0549697807925 ,  0.0628677019831 ,  0.0628677019831 ,  0.0628677019831 ,  0.433423568264 ,  0.339665007858 ,  0.166965705363 ,  0.166965705363
THIRST ,  0.37267654926 ,  0.345743560728 ,  0.428018251411 ,  0.179135693186 ,  0.0941976880215 ,  0.142719598086 ,  0.492029500282 ,  0.0244377279151 ,  0.327107878183 ,  0.327107878183 ,  0.0799344234452 ,  0.0693086400458 ,  0.0748368152082 ,  0.0277564545929 ,  0.464610229487 ,  0.0999650857157 ,  0.0999650857157 ,  0.31474479606 ,  0.31474479606 ,  0.131142329204 ,  -0.00422111931704 ,  0.251919641454 ,  0.0709151775638 ,  0.400697679395 ,  -0.00574730838483 ,  0.545000975642 ,  0.545000975642 ,  0.181531265833 ,  0.136169367665 ,  -0.0764611110355 ,  0.151331639832 ,  1.0 ,  1.0 ,  0.124470376612 ,  0.125350513156 ,  0.0160561220936 ,  0.0120182980205 ,  0.0549697807925 ,  0.0549697807925 ,  0.0628677019831 ,  0.0628677019831 ,  0.0628677019831 ,  0.433423568264 ,  0.339665007858 ,  0.166965705363 ,  0.166965705363
THIRSTY ,  0.00307682794547 ,  -0.0969990772178 ,  0.0174349919893 ,  0.106434733507 ,  0.0861868831257 ,  0.0389486312114 ,  0.0395074502537 ,  0.207058882899 ,  -0.0528085662415 ,  -0.0528085662415 ,  0.0662786321009 ,  0.179876834252 ,  0.34466148497 ,  0.163343154422 ,  0.102118412532 ,  -0.00173127068318 ,  -0.00173127068318 ,  0.0469513786854 ,  0.0469513786854 ,  0.498611783693 ,  0.139291219203 ,  -0.00306327744807 ,  0.102252312851 ,  0.108419407314 ,  0.0354833821979 ,  0.0477113985696 ,  0.0477113985696 ,  0.108236292763 ,  0.119584978415 ,  0.292579888185 ,  0.184624527156 ,  0.124470376612 ,  0.124470376612 ,  1.0 ,  0.0297295493068 ,  -0.0341208480523 ,  -0.0257580264672 ,  -0.044265299746 ,  -0.044265299746 ,  0.0331023375088 ,  0.0331023375088 ,  0.0331023375088 ,  0.167474410729 ,  0.234129387096 ,  -0.146387589604 ,  -0.146387589604
URGE ,  0.0474320365938 ,  0.236399304301 ,  0.24522854376 ,  0.0455066119621 ,  0.172379233242 ,  0.205285355599 ,  0.19126571661 ,  0.0333362374044 ,  0.332034268952 ,  0.332034268952 ,  0.0568740558268 ,  0.024184420582 ,  0.164980184389 ,  0.00150687011599 ,  0.150161508934 ,  0.318419714947 ,  0.318419714947 ,  0.0583407322011 ,  0.0583407322011 ,  0.0539280008572 ,  0.113542104575 ,  0.100162550239 ,  0.151973986769 ,  0.116145960968 ,  0.0242460686139 ,  0.0820512577099 ,  0.0820512577099 ,  -0.0598279778869 ,  0.0889575049876 ,  0.190951434117 ,  0.119147056114 ,  0.125350513156 ,  0.125350513156 ,  0.0297295493068 ,  1.0 ,  0.419334582483 ,  0.397671581259 ,  0.221692741271 ,  0.221692741271 ,  0.28964088305 ,  0.28964088305 ,  0.28964088305 ,  0.168230655662 ,  0.0963645005992 ,  0.0920847411343 ,  0.0920847411343
WANTS ,  0.0627495255957 ,  0.118637313386 ,  0.0827264359551 ,  0.125454910775 ,  0.216470003114 ,  0.281502567004 ,  0.0800357874574 ,  0.156985090015 ,  0.387482807639 ,  0.387482807639 ,  -0.00854242815183 ,  0.162759663104 ,  0.276689567032 ,  0.100964896149 ,  0.0244440244674 ,  0.325708688964 ,  0.325708688964 ,  0.00628544750874 ,  0.00628544750874 ,  0.0806097899327 ,  0.217561648609 ,  -0.0226165446805 ,  0.111646523368 ,  0.0677946929669 ,  0.158880341485 ,  -0.0605193505833 ,  -0.0605193505833 ,  -0.0550261709166 ,  0.127825036167 ,  0.216051455546 ,  0.0991207514912 ,  0.0160561220936 ,  0.0160561220936 ,  -0.0341208480523 ,  0.419334582483 ,  1.0 ,  0.797527406188 ,  0.427666781602 ,  0.427666781602 ,  0.299028260956 ,  0.299028260956 ,  0.299028260956 ,  0.151053227024 ,  0.11662280068 ,  0.0550170075022 ,  0.0550170075022
WANT ,  0.052365527936 ,  0.0943211920399 ,  0.0651656537231 ,  0.0995306530587 ,  0.204116638874 ,  0.259655477786 ,  0.0514892276932 ,  0.139443681299 ,  0.34494980356 ,  0.34494980356 ,  0.0181051533486 ,  0.154938470075 ,  0.25219061943 ,  0.0923790992924 ,  0.0352051000119 ,  0.340264529737 ,  0.340264529737 ,  0.000707766990473 ,  0.000707766990473 ,  0.0876732139067 ,  0.193557490254 ,  0.0204950737987 ,  0.126937898226 ,  0.0834832061658 ,  0.165023806699 ,  -0.0583547783723 ,  -0.0583547783723 ,  -0.0588468747162 ,  0.143326778515 ,  0.207717894378 ,  0.09184908421 ,  0.0120182980205 ,  0.0120182980205 ,  -0.0257580264672 ,  0.397671581259 ,  0.797527406188 ,  1.0 ,  0.375527772117 ,  0.375527772117 ,  0.302534779787 ,  0.302534779787 ,  0.302534779787 ,  0.146263361768 ,  0.0946626985264 ,  0.0584648192499 ,  0.0584648192499
WILL ,  0.0540593183887 ,  0.11145528132 ,  0.0981874692402 ,  -0.0118518386002 ,  0.0125991853102 ,  0.0914457656896 ,  0.0421018256195 ,  -0.00412486181228 ,  0.247982906496 ,  0.247982906496 ,  -0.00646029254506 ,  0.116569779098 ,  0.100998799389 ,  0.027534819104 ,  0.00533176365857 ,  0.253259878843 ,  0.253259878843 ,  0.0613080464192 ,  0.0613080464192 ,  0.0422303330737 ,  0.117688064244 ,  0.00990865437482 ,  0.0114135564948 ,  0.0607889790669 ,  0.177579401778 ,  -0.00524904771638 ,  -0.00524904771638 ,  -0.0788325046685 ,  -0.00660101151346 ,  0.0704103235705 ,  0.0106589098028 ,  0.0549697807925 ,  0.0549697807925 ,  -0.044265299746 ,  0.221692741271 ,  0.427666781602 ,  0.375527772117 ,  1.0 ,  1.0 ,  0.202020304966 ,  0.202020304966 ,  0.202020304966 ,  0.0890242050176 ,  0.0129825102516 ,  0.108901338134 ,  0.108901338134
WILL ,  0.0540593183887 ,  0.11145528132 ,  0.0981874692402 ,  -0.0118518386002 ,  0.0125991853102 ,  0.0914457656896 ,  0.0421018256195 ,  -0.00412486181228 ,  0.247982906496 ,  0.247982906496 ,  -0.00646029254506 ,  0.116569779098 ,  0.100998799389 ,  0.027534819104 ,  0.00533176365857 ,  0.253259878843 ,  0.253259878843 ,  0.0613080464192 ,  0.0613080464192 ,  0.0422303330737 ,  0.117688064244 ,  0.00990865437482 ,  0.0114135564948 ,  0.0607889790669 ,  0.177579401778 ,  -0.00524904771638 ,  -0.00524904771638 ,  -0.0788325046685 ,  -0.00660101151346 ,  0.0704103235705 ,  0.0106589098028 ,  0.0549697807925 ,  0.0549697807925 ,  -0.044265299746 ,  0.221692741271 ,  0.427666781602 ,  0.375527772117 ,  1.0 ,  1.0 ,  0.202020304966 ,  0.202020304966 ,  0.202020304966 ,  0.0890242050176 ,  0.0129825102516 ,  0.108901338134 ,  0.108901338134
WISH ,  0.107061129922 ,  0.224984123332 ,  0.156432766934 ,  0.141153574211 ,  0.0727838164194 ,  0.145425877268 ,  0.0492145455046 ,  0.115363266324 ,  0.312726834182 ,  0.312726834182 ,  0.0402118983206 ,  0.104948521583 ,  0.242774300807 ,  0.0884977962321 ,  0.112996052244 ,  0.443448043752 ,  0.443448043752 ,  0.0519663068651 ,  0.0519663068651 ,  0.121902914827 ,  0.17474958258 ,  0.0970049164678 ,  0.0871391644521 ,  0.120867248775 ,  0.132066371118 ,  0.0531200432966 ,  0.0531200432966 ,  0.00737360717588 ,  0.109656375071 ,  0.206134587198 ,  0.0436206200545 ,  0.0628677019831 ,  0.0628677019831 ,  0.0331023375088 ,  0.28964088305 ,  0.299028260956 ,  0.302534779787 ,  0.202020304966 ,  0.202020304966 ,  1.0 ,  1.0 ,  1.0 ,  0.175186652552 ,  0.143244802905 ,  0.0426744516248 ,  0.0426744516248
WISH ,  0.107061129922 ,  0.224984123332 ,  0.156432766934 ,  0.141153574211 ,  0.0727838164194 ,  0.145425877268 ,  0.0492145455046 ,  0.115363266324 ,  0.312726834182 ,  0.312726834182 ,  0.0402118983206 ,  0.104948521583 ,  0.242774300807 ,  0.0884977962321 ,  0.112996052244 ,  0.443448043752 ,  0.443448043752 ,  0.0519663068651 ,  0.0519663068651 ,  0.121902914827 ,  0.17474958258 ,  0.0970049164678 ,  0.0871391644521 ,  0.120867248775 ,  0.132066371118 ,  0.0531200432966 ,  0.0531200432966 ,  0.00737360717588 ,  0.109656375071 ,  0.206134587198 ,  0.0436206200545 ,  0.0628677019831 ,  0.0628677019831 ,  0.0331023375088 ,  0.28964088305 ,  0.299028260956 ,  0.302534779787 ,  0.202020304966 ,  0.202020304966 ,  1.0 ,  1.0 ,  1.0 ,  0.175186652552 ,  0.143244802905 ,  0.0426744516248 ,  0.0426744516248
WISH ,  0.107061129922 ,  0.224984123332 ,  0.156432766934 ,  0.141153574211 ,  0.0727838164194 ,  0.145425877268 ,  0.0492145455046 ,  0.115363266324 ,  0.312726834182 ,  0.312726834182 ,  0.0402118983206 ,  0.104948521583 ,  0.242774300807 ,  0.0884977962321 ,  0.112996052244 ,  0.443448043752 ,  0.443448043752 ,  0.0519663068651 ,  0.0519663068651 ,  0.121902914827 ,  0.17474958258 ,  0.0970049164678 ,  0.0871391644521 ,  0.120867248775 ,  0.132066371118 ,  0.0531200432966 ,  0.0531200432966 ,  0.00737360717588 ,  0.109656375071 ,  0.206134587198 ,  0.0436206200545 ,  0.0628677019831 ,  0.0628677019831 ,  0.0331023375088 ,  0.28964088305 ,  0.299028260956 ,  0.302534779787 ,  0.202020304966 ,  0.202020304966 ,  1.0 ,  1.0 ,  1.0 ,  0.175186652552 ,  0.143244802905 ,  0.0426744516248 ,  0.0426744516248
YEARNING ,  0.345460796085 ,  0.385900307303 ,  0.415344608695 ,  0.309085859109 ,  0.0914371733086 ,  0.206579154381 ,  0.304944167534 ,  0.110567439968 ,  0.425015735312 ,  0.425015735312 ,  0.146565308759 ,  0.133375863303 ,  0.348259107028 ,  0.0878200466327 ,  0.478814127272 ,  0.186364310607 ,  0.186364310607 ,  0.270652567557 ,  0.270652567557 ,  0.186574149352 ,  0.0972516873579 ,  0.15231672305 ,  0.302227633018 ,  0.687570149265 ,  0.0431214375708 ,  0.421782469116 ,  0.421782469116 ,  0.0770980377988 ,  0.346859831144 ,  0.203013496897 ,  0.264653868488 ,  0.433423568264 ,  0.433423568264 ,  0.167474410729 ,  0.168230655662 ,  0.151053227024 ,  0.146263361768 ,  0.0890242050176 ,  0.0890242050176 ,  0.175186652552 ,  0.175186652552 ,  0.175186652552 ,  1.0 ,  0.614407025004 ,  0.0285841177467 ,  0.0285841177467
YEARN ,  0.343907754293 ,  0.24568875572 ,  0.307900008737 ,  0.544531000128 ,  0.0948503052982 ,  0.195672510121 ,  0.174148760937 ,  0.167828817223 ,  0.261489029068 ,  0.261489029068 ,  0.182714688072 ,  0.14379516082 ,  0.30375500484 ,  0.109719611192 ,  0.565406940353 ,  0.141089004884 ,  0.141089004884 ,  0.221390804765 ,  0.221390804765 ,  0.189492700463 ,  0.0874335262161 ,  0.179295070177 ,  0.352691288314 ,  0.551263368499 ,  0.0071181610399 ,  0.308295695457 ,  0.308295695457 ,  0.15776320995 ,  0.405657822366 ,  0.195590649348 ,  0.266277175493 ,  0.339665007858 ,  0.339665007858 ,  0.234129387096 ,  0.0963645005992 ,  0.11662280068 ,  0.0946626985264 ,  0.0129825102516 ,  0.0129825102516 ,  0.143244802905 ,  0.143244802905 ,  0.143244802905 ,  0.614407025004 ,  1.0 ,  0.0202129056389 ,  0.0202129056389
YEN ,  0.0909247754844 ,  0.167914695112 ,  0.109006580923 ,  0.0105774061097 ,  -0.0709707551352 ,  -0.00995120717308 ,  0.137830831635 ,  -0.0731389114628 ,  0.147139872363 ,  0.147139872363 ,  0.0263233407054 ,  0.0689122414738 ,  -0.00959875139561 ,  -0.0214325967282 ,  0.0585920329579 ,  0.120801732429 ,  0.120801732429 ,  0.0809774665564 ,  0.0809774665564 ,  -0.0334671515903 ,  -0.0485092539031 ,  0.112045830967 ,  0.00453098805479 ,  0.0306640246421 ,  0.0751449397222 ,  0.145503710266 ,  0.145503710266 ,  0.0769211086088 ,  0.0119787835952 ,  -0.0442943169454 ,  -0.0641977952458 ,  0.166965705363 ,  0.166965705363 ,  -0.146387589604 ,  0.0920847411343 ,  0.0550170075022 ,  0.0584648192499 ,  0.108901338134 ,  0.108901338134 ,  0.0426744516248 ,  0.0426744516248 ,  0.0426744516248 ,  0.0285841177467 ,  0.0202129056389 ,  1.0 ,  1.0
YEN ,  0.0909247754844 ,  0.167914695112 ,  0.109006580923 ,  0.0105774061097 ,  -0.0709707551352 ,  -0.00995120717308 ,  0.137830831635 ,  -0.0731389114628 ,  0.147139872363 ,  0.147139872363 ,  0.0263233407054 ,  0.0689122414738 ,  -0.00959875139561 ,  -0.0214325967282 ,  0.0585920329579 ,  0.120801732429 ,  0.120801732429 ,  0.0809774665564 ,  0.0809774665564 ,  -0.0334671515903 ,  -0.0485092539031 ,  0.112045830967 ,  0.00453098805479 ,  0.0306640246421 ,  0.0751449397222 ,  0.145503710266 ,  0.145503710266 ,  0.0769211086088 ,  0.0119787835952 ,  -0.0442943169454 ,  -0.0641977952458 ,  0.166965705363 ,  0.166965705363 ,  -0.146387589604 ,  0.0920847411343 ,  0.0550170075022 ,  0.0584648192499 ,  0.108901338134 ,  0.108901338134 ,  0.0426744516248 ,  0.0426744516248 ,  0.0426744516248 ,  0.0285841177467 ,  0.0202129056389 ,  1.0 ,  1.0
