WORDS  , A , BASTARD , A , BITCH , A , BREEZE , A , CINCH , A , A , PAIN , IN , THE , NECK , A , PAIN , A , PIECE , OF , CAKE , ARDUOUS , A , SNAP , CHALLENGE , CHALLENGING , DIFFICULT , EASY , HARD , IMPOSSIBLE , NEAR , THING , NO , PICNIC , TOUGH , TRICKY , TRIVIAL
A ,  1.0 ,  0.0224761735903 ,  1.0 ,  0.0297519428031 ,  1.0 ,  -0.0309779776403 ,  1.0 ,  -0.0439687806926 ,  1.0 ,  1.0 ,  0.083628574446 ,  0.431994968949 ,  0.59159272188 ,  0.0591279134722 ,  1.0 ,  0.083628574446 ,  1.0 ,  0.168985846845 ,  0.412872719933 ,  0.0911742595536 ,  0.0743585377354 ,  1.0 ,  -0.0219235698616 ,  0.159344379374 ,  0.117455996866 ,  0.249462145568 ,  0.215998978009 ,  0.225032446033 ,  0.123509589677 ,  0.332221767877 ,  0.251608090735 ,  0.446815673035 ,  -0.017758654657 ,  0.25362166733 ,  0.0223675928995 ,  -0.0450327503277
BASTARD ,  0.0224761735903 ,  1.0 ,  0.0224761735903 ,  0.253878605604 ,  0.0224761735903 ,  0.170427930187 ,  0.0224761735903 ,  0.0983267715158 ,  0.0224761735903 ,  0.0224761735903 ,  0.0895586394284 ,  -0.00920381879389 ,  0.00982326494355 ,  0.128739218324 ,  0.0224761735903 ,  0.0895586394284 ,  0.0224761735903 ,  0.0547368383938 ,  -0.0104780925929 ,  0.0659675065093 ,  -0.122454195792 ,  0.0224761735903 ,  0.0178325052444 ,  -0.00758760243923 ,  -0.074840354518 ,  -0.044504960279 ,  -0.0165928791869 ,  -0.0526025883207 ,  0.00879562259946 ,  0.00288363877668 ,  0.07421710812 ,  -0.0104409987795 ,  0.17581311919 ,  -0.0169028834492 ,  -0.0736554436316 ,  -0.0707591511472
A ,  1.0 ,  0.0224761735903 ,  1.0 ,  0.0297519428031 ,  1.0 ,  -0.0309779776403 ,  1.0 ,  -0.0439687806926 ,  1.0 ,  1.0 ,  0.083628574446 ,  0.431994968949 ,  0.59159272188 ,  0.0591279134722 ,  1.0 ,  0.083628574446 ,  1.0 ,  0.168985846845 ,  0.412872719933 ,  0.0911742595536 ,  0.0743585377354 ,  1.0 ,  -0.0219235698616 ,  0.159344379374 ,  0.117455996866 ,  0.249462145568 ,  0.215998978009 ,  0.225032446033 ,  0.123509589677 ,  0.332221767877 ,  0.251608090735 ,  0.446815673035 ,  -0.017758654657 ,  0.25362166733 ,  0.0223675928995 ,  -0.0450327503277
BITCH ,  0.0297519428031 ,  0.253878605604 ,  0.0297519428031 ,  1.0 ,  0.0297519428031 ,  0.269114792899 ,  0.0297519428031 ,  0.210801000193 ,  0.0297519428031 ,  0.0297519428031 ,  0.164977362668 ,  -0.0051649678169 ,  0.0197589714832 ,  0.15003803494 ,  0.0297519428031 ,  0.164977362668 ,  0.0297519428031 ,  0.102520823146 ,  0.00412405225113 ,  0.148828268359 ,  -0.131329485154 ,  0.0297519428031 ,  0.143122238886 ,  0.0819364151099 ,  -0.0119338706424 ,  -0.00268223828425 ,  0.0159120791224 ,  -0.0056380387482 ,  0.0315643292779 ,  -0.017266670918 ,  0.187312695488 ,  0.0154013575219 ,  0.152013711645 ,  0.00932877680117 ,  -0.0221669835065 ,  0.0317291162107
A ,  1.0 ,  0.0224761735903 ,  1.0 ,  0.0297519428031 ,  1.0 ,  -0.0309779776403 ,  1.0 ,  -0.0439687806926 ,  1.0 ,  1.0 ,  0.083628574446 ,  0.431994968949 ,  0.59159272188 ,  0.0591279134722 ,  1.0 ,  0.083628574446 ,  1.0 ,  0.168985846845 ,  0.412872719933 ,  0.0911742595536 ,  0.0743585377354 ,  1.0 ,  -0.0219235698616 ,  0.159344379374 ,  0.117455996866 ,  0.249462145568 ,  0.215998978009 ,  0.225032446033 ,  0.123509589677 ,  0.332221767877 ,  0.251608090735 ,  0.446815673035 ,  -0.017758654657 ,  0.25362166733 ,  0.0223675928995 ,  -0.0450327503277
BREEZE ,  -0.0309779776403 ,  0.170427930187 ,  -0.0309779776403 ,  0.269114792899 ,  -0.0309779776403 ,  1.0 ,  -0.0309779776403 ,  0.32253332519 ,  -0.0309779776403 ,  -0.0309779776403 ,  0.241729848828 ,  0.0238920422795 ,  -0.0142164817946 ,  0.2315255032 ,  -0.0309779776403 ,  0.241729848828 ,  -0.0309779776403 ,  0.197438299309 ,  -0.0109117632349 ,  0.267829703795 ,  -0.102529532099 ,  -0.0309779776403 ,  0.221794088702 ,  0.10192900877 ,  -0.157488774356 ,  -0.0528295143866 ,  -0.0192199891952 ,  -0.0348746378705 ,  0.0160252494434 ,  -0.0339076136046 ,  0.199739473514 ,  -0.0757734832954 ,  0.212740808895 ,  -0.0532685418663 ,  -0.0672504191569 ,  -0.0542774489908
A ,  1.0 ,  0.0224761735903 ,  1.0 ,  0.0297519428031 ,  1.0 ,  -0.0309779776403 ,  1.0 ,  -0.0439687806926 ,  1.0 ,  1.0 ,  0.083628574446 ,  0.431994968949 ,  0.59159272188 ,  0.0591279134722 ,  1.0 ,  0.083628574446 ,  1.0 ,  0.168985846845 ,  0.412872719933 ,  0.0911742595536 ,  0.0743585377354 ,  1.0 ,  -0.0219235698616 ,  0.159344379374 ,  0.117455996866 ,  0.249462145568 ,  0.215998978009 ,  0.225032446033 ,  0.123509589677 ,  0.332221767877 ,  0.251608090735 ,  0.446815673035 ,  -0.017758654657 ,  0.25362166733 ,  0.0223675928995 ,  -0.0450327503277
CINCH ,  -0.0439687806926 ,  0.0983267715158 ,  -0.0439687806926 ,  0.210801000193 ,  -0.0439687806926 ,  0.32253332519 ,  -0.0439687806926 ,  1.0 ,  -0.0439687806926 ,  -0.0439687806926 ,  0.103949023521 ,  -0.0386954657628 ,  -0.0575497722394 ,  0.113640804482 ,  -0.0439687806926 ,  0.103949023521 ,  -0.0439687806926 ,  0.146099918847 ,  -0.0640567141815 ,  0.0836505881062 ,  -0.0436647797089 ,  -0.0439687806926 ,  0.273879806475 ,  0.177907644174 ,  0.080698205713 ,  -0.00994632269309 ,  -0.0049199077093 ,  -0.00988918029179 ,  0.00075910886768 ,  -0.0211522024314 ,  0.0829984577467 ,  -0.04369895352 ,  0.192113834409 ,  -0.00170416425 ,  0.00961726971017 ,  -0.0189819841395
A ,  1.0 ,  0.0224761735903 ,  1.0 ,  0.0297519428031 ,  1.0 ,  -0.0309779776403 ,  1.0 ,  -0.0439687806926 ,  1.0 ,  1.0 ,  0.083628574446 ,  0.431994968949 ,  0.59159272188 ,  0.0591279134722 ,  1.0 ,  0.083628574446 ,  1.0 ,  0.168985846845 ,  0.412872719933 ,  0.0911742595536 ,  0.0743585377354 ,  1.0 ,  -0.0219235698616 ,  0.159344379374 ,  0.117455996866 ,  0.249462145568 ,  0.215998978009 ,  0.225032446033 ,  0.123509589677 ,  0.332221767877 ,  0.251608090735 ,  0.446815673035 ,  -0.017758654657 ,  0.25362166733 ,  0.0223675928995 ,  -0.0450327503277
A ,  1.0 ,  0.0224761735903 ,  1.0 ,  0.0297519428031 ,  1.0 ,  -0.0309779776403 ,  1.0 ,  -0.0439687806926 ,  1.0 ,  1.0 ,  0.083628574446 ,  0.431994968949 ,  0.59159272188 ,  0.0591279134722 ,  1.0 ,  0.083628574446 ,  1.0 ,  0.168985846845 ,  0.412872719933 ,  0.0911742595536 ,  0.0743585377354 ,  1.0 ,  -0.0219235698616 ,  0.159344379374 ,  0.117455996866 ,  0.249462145568 ,  0.215998978009 ,  0.225032446033 ,  0.123509589677 ,  0.332221767877 ,  0.251608090735 ,  0.446815673035 ,  -0.017758654657 ,  0.25362166733 ,  0.0223675928995 ,  -0.0450327503277
PAIN ,  0.083628574446 ,  0.0895586394284 ,  0.083628574446 ,  0.164977362668 ,  0.083628574446 ,  0.241729848828 ,  0.083628574446 ,  0.103949023521 ,  0.083628574446 ,  0.083628574446 ,  1.0 ,  0.120570788879 ,  0.0853302295389 ,  0.209168184972 ,  0.083628574446 ,  1.0 ,  0.083628574446 ,  0.140268641785 ,  0.0276899284822 ,  0.198711951187 ,  -0.0449240383885 ,  0.083628574446 ,  0.137997002446 ,  0.236621682514 ,  0.0103266022452 ,  0.0792009542571 ,  0.0913262597182 ,  0.0841182668198 ,  0.0742689791867 ,  0.0217551028335 ,  0.229916478376 ,  0.0284048839076 ,  0.131738252363 ,  0.0907995381783 ,  -0.0480494256334 ,  -0.0017038907189
IN ,  0.431994968949 ,  -0.00920381879389 ,  0.431994968949 ,  -0.0051649678169 ,  0.431994968949 ,  0.0238920422795 ,  0.431994968949 ,  -0.0386954657628 ,  0.431994968949 ,  0.431994968949 ,  0.120570788879 ,  1.0 ,  0.431086598036 ,  0.114229432237 ,  0.431994968949 ,  0.120570788879 ,  0.431994968949 ,  0.225423221972 ,  0.573121763964 ,  0.0902123976006 ,  0.0358985977199 ,  0.431994968949 ,  0.0227057123514 ,  0.23105223973 ,  0.20140791524 ,  0.20491744059 ,  0.172066228815 ,  0.173221267376 ,  0.10988720944 ,  0.539179150367 ,  0.277627927517 ,  0.352347501232 ,  -0.0175341599392 ,  0.19577928611 ,  0.00699170550132 ,  -0.0462628885549
THE ,  0.59159272188 ,  0.00982326494355 ,  0.59159272188 ,  0.0197589714832 ,  0.59159272188 ,  -0.0142164817946 ,  0.59159272188 ,  -0.0575497722394 ,  0.59159272188 ,  0.59159272188 ,  0.0853302295389 ,  0.431086598036 ,  1.0 ,  0.0154264086307 ,  0.59159272188 ,  0.0853302295389 ,  0.59159272188 ,  0.1754267512 ,  0.392338724954 ,  0.0462141609149 ,  0.0400250194399 ,  0.59159272188 ,  0.0276559635166 ,  0.141623921388 ,  0.130789140197 ,  0.207253958086 ,  0.17997015949 ,  0.174468997991 ,  0.115927647406 ,  0.310514635627 ,  0.258617182527 ,  0.403619949659 ,  -0.0060283291085 ,  0.214802821473 ,  0.00580571421212 ,  -0.0411379086135
NECK ,  0.0591279134722 ,  0.128739218324 ,  0.0591279134722 ,  0.15003803494 ,  0.0591279134722 ,  0.2315255032 ,  0.0591279134722 ,  0.113640804482 ,  0.0591279134722 ,  0.0591279134722 ,  0.209168184972 ,  0.114229432237 ,  0.0154264086307 ,  1.0 ,  0.0591279134722 ,  0.209168184972 ,  0.0591279134722 ,  0.199244483727 ,  0.0523124554476 ,  0.187460190001 ,  0.016799068362 ,  0.0591279134722 ,  0.188967283092 ,  0.0874401831621 ,  -0.0153090282034 ,  0.0775502692214 ,  0.0819302065634 ,  0.0859973045925 ,  0.0784316846515 ,  0.111841895722 ,  0.106808949352 ,  -0.0185617094348 ,  0.15684933468 ,  0.0948697652169 ,  0.0441795978159 ,  0.0472612741935
A ,  1.0 ,  0.0224761735903 ,  1.0 ,  0.0297519428031 ,  1.0 ,  -0.0309779776403 ,  1.0 ,  -0.0439687806926 ,  1.0 ,  1.0 ,  0.083628574446 ,  0.431994968949 ,  0.59159272188 ,  0.0591279134722 ,  1.0 ,  0.083628574446 ,  1.0 ,  0.168985846845 ,  0.412872719933 ,  0.0911742595536 ,  0.0743585377354 ,  1.0 ,  -0.0219235698616 ,  0.159344379374 ,  0.117455996866 ,  0.249462145568 ,  0.215998978009 ,  0.225032446033 ,  0.123509589677 ,  0.332221767877 ,  0.251608090735 ,  0.446815673035 ,  -0.017758654657 ,  0.25362166733 ,  0.0223675928995 ,  -0.0450327503277
PAIN ,  0.083628574446 ,  0.0895586394284 ,  0.083628574446 ,  0.164977362668 ,  0.083628574446 ,  0.241729848828 ,  0.083628574446 ,  0.103949023521 ,  0.083628574446 ,  0.083628574446 ,  1.0 ,  0.120570788879 ,  0.0853302295389 ,  0.209168184972 ,  0.083628574446 ,  1.0 ,  0.083628574446 ,  0.140268641785 ,  0.0276899284822 ,  0.198711951187 ,  -0.0449240383885 ,  0.083628574446 ,  0.137997002446 ,  0.236621682514 ,  0.0103266022452 ,  0.0792009542571 ,  0.0913262597182 ,  0.0841182668198 ,  0.0742689791867 ,  0.0217551028335 ,  0.229916478376 ,  0.0284048839076 ,  0.131738252363 ,  0.0907995381783 ,  -0.0480494256334 ,  -0.0017038907189
A ,  1.0 ,  0.0224761735903 ,  1.0 ,  0.0297519428031 ,  1.0 ,  -0.0309779776403 ,  1.0 ,  -0.0439687806926 ,  1.0 ,  1.0 ,  0.083628574446 ,  0.431994968949 ,  0.59159272188 ,  0.0591279134722 ,  1.0 ,  0.083628574446 ,  1.0 ,  0.168985846845 ,  0.412872719933 ,  0.0911742595536 ,  0.0743585377354 ,  1.0 ,  -0.0219235698616 ,  0.159344379374 ,  0.117455996866 ,  0.249462145568 ,  0.215998978009 ,  0.225032446033 ,  0.123509589677 ,  0.332221767877 ,  0.251608090735 ,  0.446815673035 ,  -0.017758654657 ,  0.25362166733 ,  0.0223675928995 ,  -0.0450327503277
PIECE ,  0.168985846845 ,  0.0547368383938 ,  0.168985846845 ,  0.102520823146 ,  0.168985846845 ,  0.197438299309 ,  0.168985846845 ,  0.146099918847 ,  0.168985846845 ,  0.168985846845 ,  0.140268641785 ,  0.225423221972 ,  0.1754267512 ,  0.199244483727 ,  0.168985846845 ,  0.140268641785 ,  0.168985846845 ,  1.0 ,  0.199456434342 ,  0.18410809738 ,  -0.10568829466 ,  0.168985846845 ,  0.124977553569 ,  0.201055249586 ,  0.0169394205522 ,  0.0646768304603 ,  0.0727427617793 ,  0.0966891350141 ,  0.0734250091147 ,  0.136560256778 ,  0.322076361928 ,  0.142874419593 ,  0.100987436637 ,  0.0691642202867 ,  -0.0626273664025 ,  -0.0507343480256
OF ,  0.412872719933 ,  -0.0104780925929 ,  0.412872719933 ,  0.00412405225113 ,  0.412872719933 ,  -0.0109117632349 ,  0.412872719933 ,  -0.0640567141815 ,  0.412872719933 ,  0.412872719933 ,  0.0276899284822 ,  0.573121763964 ,  0.392338724954 ,  0.0523124554476 ,  0.412872719933 ,  0.0276899284822 ,  0.412872719933 ,  0.199456434342 ,  1.0 ,  0.0322359859191 ,  0.0267499695529 ,  0.412872719933 ,  -0.00828244603991 ,  0.171091006793 ,  0.180965867385 ,  0.180907329283 ,  0.151665088865 ,  0.183717169244 ,  0.0976042737296 ,  0.43682721392 ,  0.229555368627 ,  0.348892039035 ,  -0.0511673546429 ,  0.188137033432 ,  0.0238865641449 ,  0.000477908712134
CAKE ,  0.0911742595536 ,  0.0659675065093 ,  0.0911742595536 ,  0.148828268359 ,  0.0911742595536 ,  0.267829703795 ,  0.0911742595536 ,  0.0836505881062 ,  0.0911742595536 ,  0.0911742595536 ,  0.198711951187 ,  0.0902123976006 ,  0.0462141609149 ,  0.187460190001 ,  0.0911742595536 ,  0.198711951187 ,  0.0911742595536 ,  0.18410809738 ,  0.0322359859191 ,  1.0 ,  -0.0560237441761 ,  0.0911742595536 ,  0.128715789254 ,  0.0870810728107 ,  -0.0658432833761 ,  0.0615786808446 ,  0.127737503764 ,  0.0343184136182 ,  0.0965954967116 ,  0.0185896172604 ,  0.192512458849 ,  0.0210009782248 ,  0.213090633692 ,  0.0750518564184 ,  0.00915432266718 ,  -0.000557066369121
ARDUOUS ,  0.0743585377354 ,  -0.122454195792 ,  0.0743585377354 ,  -0.131329485154 ,  0.0743585377354 ,  -0.102529532099 ,  0.0743585377354 ,  -0.0436647797089 ,  0.0743585377354 ,  0.0743585377354 ,  -0.0449240383885 ,  0.0358985977199 ,  0.0400250194399 ,  0.016799068362 ,  0.0743585377354 ,  -0.0449240383885 ,  0.0743585377354 ,  -0.10568829466 ,  0.0267499695529 ,  -0.0560237441761 ,  1.0 ,  0.0743585377354 ,  0.00937221988425 ,  -0.0443257762304 ,  0.187515526509 ,  0.316979459315 ,  0.226691364514 ,  0.202828431889 ,  0.23209014482 ,  0.0858292384406 ,  -0.035013457764 ,  0.0849165774641 ,  0.0832084472004 ,  0.272186443327 ,  0.417320964172 ,  0.314363639318
A ,  1.0 ,  0.0224761735903 ,  1.0 ,  0.0297519428031 ,  1.0 ,  -0.0309779776403 ,  1.0 ,  -0.0439687806926 ,  1.0 ,  1.0 ,  0.083628574446 ,  0.431994968949 ,  0.59159272188 ,  0.0591279134722 ,  1.0 ,  0.083628574446 ,  1.0 ,  0.168985846845 ,  0.412872719933 ,  0.0911742595536 ,  0.0743585377354 ,  1.0 ,  -0.0219235698616 ,  0.159344379374 ,  0.117455996866 ,  0.249462145568 ,  0.215998978009 ,  0.225032446033 ,  0.123509589677 ,  0.332221767877 ,  0.251608090735 ,  0.446815673035 ,  -0.017758654657 ,  0.25362166733 ,  0.0223675928995 ,  -0.0450327503277
SNAP ,  -0.0219235698616 ,  0.0178325052444 ,  -0.0219235698616 ,  0.143122238886 ,  -0.0219235698616 ,  0.221794088702 ,  -0.0219235698616 ,  0.273879806475 ,  -0.0219235698616 ,  -0.0219235698616 ,  0.137997002446 ,  0.0227057123514 ,  0.0276559635166 ,  0.188967283092 ,  -0.0219235698616 ,  0.137997002446 ,  -0.0219235698616 ,  0.124977553569 ,  -0.00828244603991 ,  0.128715789254 ,  0.00937221988425 ,  -0.0219235698616 ,  1.0 ,  0.0958162506033 ,  0.0384288895235 ,  0.0508250368463 ,  0.0624799011596 ,  0.103416264298 ,  0.0557550970593 ,  0.0464520951846 ,  0.0431316068577 ,  0.0178807918735 ,  0.123687897738 ,  0.105807512213 ,  0.0179061035213 ,  0.00311853983439
CHALLENGE ,  0.159344379374 ,  -0.00758760243923 ,  0.159344379374 ,  0.0819364151099 ,  0.159344379374 ,  0.10192900877 ,  0.159344379374 ,  0.177907644174 ,  0.159344379374 ,  0.159344379374 ,  0.236621682514 ,  0.23105223973 ,  0.141623921388 ,  0.0874401831621 ,  0.159344379374 ,  0.236621682514 ,  0.159344379374 ,  0.201055249586 ,  0.171091006793 ,  0.0870810728107 ,  -0.0443257762304 ,  0.159344379374 ,  0.0958162506033 ,  1.0 ,  0.348262661004 ,  0.213053644557 ,  0.157968584805 ,  0.0975072078987 ,  0.150826624781 ,  0.158749412875 ,  0.297660951267 ,  0.147019143463 ,  0.017688977515 ,  0.168864012634 ,  0.0338860535662 ,  -0.0552780370699
CHALLENGING ,  0.117455996866 ,  -0.074840354518 ,  0.117455996866 ,  -0.0119338706424 ,  0.117455996866 ,  -0.157488774356 ,  0.117455996866 ,  0.080698205713 ,  0.117455996866 ,  0.117455996866 ,  0.0103266022452 ,  0.20140791524 ,  0.130789140197 ,  -0.0153090282034 ,  0.117455996866 ,  0.0103266022452 ,  0.117455996866 ,  0.0169394205522 ,  0.180965867385 ,  -0.0658432833761 ,  0.187515526509 ,  0.117455996866 ,  0.0384288895235 ,  0.348262661004 ,  1.0 ,  0.395276741203 ,  0.276748481617 ,  0.203241400392 ,  0.262743605287 ,  0.228675635953 ,  0.0743209318479 ,  0.129040533878 ,  -0.0499834465786 ,  0.34104188711 ,  0.337541228583 ,  0.162217569797
DIFFICULT ,  0.249462145568 ,  -0.044504960279 ,  0.249462145568 ,  -0.00268223828425 ,  0.249462145568 ,  -0.0528295143866 ,  0.249462145568 ,  -0.00994632269309 ,  0.249462145568 ,  0.249462145568 ,  0.0792009542571 ,  0.20491744059 ,  0.207253958086 ,  0.0775502692214 ,  0.249462145568 ,  0.0792009542571 ,  0.249462145568 ,  0.0646768304603 ,  0.180907329283 ,  0.0615786808446 ,  0.316979459315 ,  0.249462145568 ,  0.0508250368463 ,  0.213053644557 ,  0.395276741203 ,  1.0 ,  0.638375901627 ,  0.560567371243 ,  0.631516627001 ,  0.20350798251 ,  0.211638159432 ,  0.268782851555 ,  0.0185205807868 ,  0.653848927015 ,  0.46048461871 ,  0.255221282543
EASY ,  0.215998978009 ,  -0.0165928791869 ,  0.215998978009 ,  0.0159120791224 ,  0.215998978009 ,  -0.0192199891952 ,  0.215998978009 ,  -0.0049199077093 ,  0.215998978009 ,  0.215998978009 ,  0.0913262597182 ,  0.172066228815 ,  0.17997015949 ,  0.0819302065634 ,  0.215998978009 ,  0.0913262597182 ,  0.215998978009 ,  0.0727427617793 ,  0.151665088865 ,  0.127737503764 ,  0.226691364514 ,  0.215998978009 ,  0.0624799011596 ,  0.157968584805 ,  0.276748481617 ,  0.638375901627 ,  1.0 ,  0.490759884424 ,  0.529076549963 ,  0.152079664749 ,  0.20134606511 ,  0.235422037526 ,  0.0520099877058 ,  0.524584852662 ,  0.370177112709 ,  0.201270509023
HARD ,  0.225032446033 ,  -0.0526025883207 ,  0.225032446033 ,  -0.0056380387482 ,  0.225032446033 ,  -0.0348746378705 ,  0.225032446033 ,  -0.00988918029179 ,  0.225032446033 ,  0.225032446033 ,  0.0841182668198 ,  0.173221267376 ,  0.174468997991 ,  0.0859973045925 ,  0.225032446033 ,  0.0841182668198 ,  0.225032446033 ,  0.0966891350141 ,  0.183717169244 ,  0.0343184136182 ,  0.202828431889 ,  0.225032446033 ,  0.103416264298 ,  0.0975072078987 ,  0.203241400392 ,  0.560567371243 ,  0.490759884424 ,  1.0 ,  0.412442638518 ,  0.164388641727 ,  0.150368377699 ,  0.23954626752 ,  0.0250634907451 ,  0.555182758578 ,  0.301892621646 ,  0.157207583783
IMPOSSIBLE ,  0.123509589677 ,  0.00879562259946 ,  0.123509589677 ,  0.0315643292779 ,  0.123509589677 ,  0.0160252494434 ,  0.123509589677 ,  0.00075910886768 ,  0.123509589677 ,  0.123509589677 ,  0.0742689791867 ,  0.10988720944 ,  0.115927647406 ,  0.0784316846515 ,  0.123509589677 ,  0.0742689791867 ,  0.123509589677 ,  0.0734250091147 ,  0.0976042737296 ,  0.0965954967116 ,  0.23209014482 ,  0.123509589677 ,  0.0557550970593 ,  0.150826624781 ,  0.262743605287 ,  0.631516627001 ,  0.529076549963 ,  0.412442638518 ,  1.0 ,  0.1503017306 ,  0.185321103806 ,  0.219461405899 ,  0.0518180749369 ,  0.402859845899 ,  0.370627299255 ,  0.256476939162
NEAR ,  0.332221767877 ,  0.00288363877668 ,  0.332221767877 ,  -0.017266670918 ,  0.332221767877 ,  -0.0339076136046 ,  0.332221767877 ,  -0.0211522024314 ,  0.332221767877 ,  0.332221767877 ,  0.0217551028335 ,  0.539179150367 ,  0.310514635627 ,  0.111841895722 ,  0.332221767877 ,  0.0217551028335 ,  0.332221767877 ,  0.136560256778 ,  0.43682721392 ,  0.0185896172604 ,  0.0858292384406 ,  0.332221767877 ,  0.0464520951846 ,  0.158749412875 ,  0.228675635953 ,  0.20350798251 ,  0.152079664749 ,  0.164388641727 ,  0.1503017306 ,  1.0 ,  0.201817162789 ,  0.278360463393 ,  -0.0111109559889 ,  0.177521192664 ,  0.0661451349761 ,  -0.00309168326857
THING ,  0.251608090735 ,  0.07421710812 ,  0.251608090735 ,  0.187312695488 ,  0.251608090735 ,  0.199739473514 ,  0.251608090735 ,  0.0829984577467 ,  0.251608090735 ,  0.251608090735 ,  0.229916478376 ,  0.277627927517 ,  0.258617182527 ,  0.106808949352 ,  0.251608090735 ,  0.229916478376 ,  0.251608090735 ,  0.322076361928 ,  0.229555368627 ,  0.192512458849 ,  -0.035013457764 ,  0.251608090735 ,  0.0431316068577 ,  0.297660951267 ,  0.0743209318479 ,  0.211638159432 ,  0.20134606511 ,  0.150368377699 ,  0.185321103806 ,  0.201817162789 ,  1.0 ,  0.251490134325 ,  0.0778373970369 ,  0.156762256618 ,  0.0139107378049 ,  -0.0281547048671
NO ,  0.446815673035 ,  -0.0104409987795 ,  0.446815673035 ,  0.0154013575219 ,  0.446815673035 ,  -0.0757734832954 ,  0.446815673035 ,  -0.04369895352 ,  0.446815673035 ,  0.446815673035 ,  0.0284048839076 ,  0.352347501232 ,  0.403619949659 ,  -0.0185617094348 ,  0.446815673035 ,  0.0284048839076 ,  0.446815673035 ,  0.142874419593 ,  0.348892039035 ,  0.0210009782248 ,  0.0849165774641 ,  0.446815673035 ,  0.0178807918735 ,  0.147019143463 ,  0.129040533878 ,  0.268782851555 ,  0.235422037526 ,  0.23954626752 ,  0.219461405899 ,  0.278360463393 ,  0.251490134325 ,  1.0 ,  -0.00959338754378 ,  0.270167579561 ,  0.0519097820115 ,  0.0261457009332
PICNIC ,  -0.017758654657 ,  0.17581311919 ,  -0.017758654657 ,  0.152013711645 ,  -0.017758654657 ,  0.212740808895 ,  -0.017758654657 ,  0.192113834409 ,  -0.017758654657 ,  -0.017758654657 ,  0.131738252363 ,  -0.0175341599392 ,  -0.0060283291085 ,  0.15684933468 ,  -0.017758654657 ,  0.131738252363 ,  -0.017758654657 ,  0.100987436637 ,  -0.0511673546429 ,  0.213090633692 ,  0.0832084472004 ,  -0.017758654657 ,  0.123687897738 ,  0.017688977515 ,  -0.0499834465786 ,  0.0185205807868 ,  0.0520099877058 ,  0.0250634907451 ,  0.0518180749369 ,  -0.0111109559889 ,  0.0778373970369 ,  -0.00959338754378 ,  1.0 ,  0.0418832834413 ,  0.0833035945485 ,  0.0892571862298
TOUGH ,  0.25362166733 ,  -0.0169028834492 ,  0.25362166733 ,  0.00932877680117 ,  0.25362166733 ,  -0.0532685418663 ,  0.25362166733 ,  -0.00170416425 ,  0.25362166733 ,  0.25362166733 ,  0.0907995381783 ,  0.19577928611 ,  0.214802821473 ,  0.0948697652169 ,  0.25362166733 ,  0.0907995381783 ,  0.25362166733 ,  0.0691642202867 ,  0.188137033432 ,  0.0750518564184 ,  0.272186443327 ,  0.25362166733 ,  0.105807512213 ,  0.168864012634 ,  0.34104188711 ,  0.653848927015 ,  0.524584852662 ,  0.555182758578 ,  0.402859845899 ,  0.177521192664 ,  0.156762256618 ,  0.270167579561 ,  0.0418832834413 ,  1.0 ,  0.424571043653 ,  0.222875949705
TRICKY ,  0.0223675928995 ,  -0.0736554436316 ,  0.0223675928995 ,  -0.0221669835065 ,  0.0223675928995 ,  -0.0672504191569 ,  0.0223675928995 ,  0.00961726971017 ,  0.0223675928995 ,  0.0223675928995 ,  -0.0480494256334 ,  0.00699170550132 ,  0.00580571421212 ,  0.0441795978159 ,  0.0223675928995 ,  -0.0480494256334 ,  0.0223675928995 ,  -0.0626273664025 ,  0.0238865641449 ,  0.00915432266718 ,  0.417320964172 ,  0.0223675928995 ,  0.0179061035213 ,  0.0338860535662 ,  0.337541228583 ,  0.46048461871 ,  0.370177112709 ,  0.301892621646 ,  0.370627299255 ,  0.0661451349761 ,  0.0139107378049 ,  0.0519097820115 ,  0.0833035945485 ,  0.424571043653 ,  1.0 ,  0.367522483572
TRIVIAL ,  -0.0450327503277 ,  -0.0707591511472 ,  -0.0450327503277 ,  0.0317291162107 ,  -0.0450327503277 ,  -0.0542774489908 ,  -0.0450327503277 ,  -0.0189819841395 ,  -0.0450327503277 ,  -0.0450327503277 ,  -0.0017038907189 ,  -0.0462628885549 ,  -0.0411379086135 ,  0.0472612741935 ,  -0.0450327503277 ,  -0.0017038907189 ,  -0.0450327503277 ,  -0.0507343480256 ,  0.000477908712134 ,  -0.000557066369121 ,  0.314363639318 ,  -0.0450327503277 ,  0.00311853983439 ,  -0.0552780370699 ,  0.162217569797 ,  0.255221282543 ,  0.201270509023 ,  0.157207583783 ,  0.256476939162 ,  -0.00309168326857 ,  -0.0281547048671 ,  0.0261457009332 ,  0.0892571862298 ,  0.222875949705 ,  0.367522483572 ,  1.0
