WORDS  , ACE , ACE , ADEPT , ADEPT , AMATEUR , AMATEUR , AWFUL , BAD , BUFF , COMPETENCE , COMPETENT , CONNOISSEUR , CONVERSANT , CRACK , DREADFUL , EXCELLENT , EXCEL , EXPERIENCED , EXPERIENCE , EXPERT , EXPERTISE , EXPERT , FAMILIAR , FANTASTIC , GOOD , GREAT , GURU , INCOMPETENCE , INCOMPETENT , INCREDIBLE , INEPT , INEPTITUDE , INEPTNESS , INEXPERIENCED , KNOWLEDGEABLE , MASTER , MASTER , MASTERY , MAVEN , MEDIOCRE , NOVICE , OUTSTANDING , PROFICIENCY , PROFICIENT , PRO , PROWESS , SKILLED , SKILL , SPECIALIST , SPLENDID , STUPENDOUS , SUPERB , SUPERLATIVE , TERRIBLE , TERRIFIC , TREMENDOUS , VERSED , VIRTUOSITY , VIRTUOSO , WHIZ , WIZARD , WONDERFUL
ACE ,  1.0 ,  1.0 ,  0.0334169846257 ,  0.0334169846257 ,  0.14436752599 ,  0.14436752599 ,  0.00204669456801 ,  0.0151855629398 ,  0.139856758461 ,  -0.066114858003 ,  0.025406039399 ,  0.172418823737 ,  -0.0567327260991 ,  0.182061344974 ,  -0.0794573664395 ,  0.0126646025972 ,  -0.00596972403478 ,  0.022939113561 ,  0.0363734398215 ,  0.158010038336 ,  0.0366744881984 ,  0.158010038336 ,  0.0377356241906 ,  -0.0126831047019 ,  0.024186481914 ,  0.00730666996801 ,  0.22791367014 ,  -0.0486168521139 ,  0.017091998978 ,  -0.0313307857804 ,  -0.0331007342342 ,  -0.0862761558278 ,  -0.012905159204 ,  0.107822494812 ,  0.0315764097096 ,  0.215532747588 ,  0.215532747588 ,  0.0338592492995 ,  0.260083919838 ,  -0.0416574605841 ,  0.164440364679 ,  -0.0278311209048 ,  0.060177667229 ,  -0.018274988278 ,  0.111296286759 ,  0.0666949755601 ,  0.0845668649665 ,  0.0724366565791 ,  0.182566977724 ,  -0.0714080304638 ,  -0.0527137686036 ,  -0.0207569091096 ,  0.0545149844399 ,  -0.0200363199312 ,  0.000364049564116 ,  -0.0659199871474 ,  -0.0136495575454 ,  -0.0322736228511 ,  0.170997612962 ,  0.0673782992269 ,  0.310972353038 ,  0.016391514385
ACE ,  1.0 ,  1.0 ,  0.0334169846257 ,  0.0334169846257 ,  0.14436752599 ,  0.14436752599 ,  0.00204669456801 ,  0.0151855629398 ,  0.139856758461 ,  -0.066114858003 ,  0.025406039399 ,  0.172418823737 ,  -0.0567327260991 ,  0.182061344974 ,  -0.0794573664395 ,  0.0126646025972 ,  -0.00596972403478 ,  0.022939113561 ,  0.0363734398215 ,  0.158010038336 ,  0.0366744881984 ,  0.158010038336 ,  0.0377356241906 ,  -0.0126831047019 ,  0.024186481914 ,  0.00730666996801 ,  0.22791367014 ,  -0.0486168521139 ,  0.017091998978 ,  -0.0313307857804 ,  -0.0331007342342 ,  -0.0862761558278 ,  -0.012905159204 ,  0.107822494812 ,  0.0315764097096 ,  0.215532747588 ,  0.215532747588 ,  0.0338592492995 ,  0.260083919838 ,  -0.0416574605841 ,  0.164440364679 ,  -0.0278311209048 ,  0.060177667229 ,  -0.018274988278 ,  0.111296286759 ,  0.0666949755601 ,  0.0845668649665 ,  0.0724366565791 ,  0.182566977724 ,  -0.0714080304638 ,  -0.0527137686036 ,  -0.0207569091096 ,  0.0545149844399 ,  -0.0200363199312 ,  0.000364049564116 ,  -0.0659199871474 ,  -0.0136495575454 ,  -0.0322736228511 ,  0.170997612962 ,  0.0673782992269 ,  0.310972353038 ,  0.016391514385
ADEPT ,  0.0334169846257 ,  0.0334169846257 ,  1.0 ,  1.0 ,  0.129610790157 ,  0.129610790157 ,  0.071817500733 ,  0.0947909611487 ,  0.0622236966841 ,  0.0125630878393 ,  0.277917969161 ,  -0.0457837778071 ,  0.238240646673 ,  0.0733835600618 ,  0.145157763656 ,  0.190894049632 ,  0.209211755414 ,  0.165713608841 ,  -0.0198761081459 ,  0.074425695554 ,  0.0558584608189 ,  0.074425695554 ,  0.0492664767245 ,  0.143079806155 ,  0.0979771129213 ,  0.0720131495086 ,  -0.0498943583685 ,  0.0801200071287 ,  0.259409868081 ,  0.123574274735 ,  0.413160446048 ,  0.05940714934 ,  -0.00635556698662 ,  0.322481845097 ,  0.228688129743 ,  0.119933821369 ,  0.119933821369 ,  0.0120906634624 ,  -0.0743970477269 ,  0.211866532701 ,  0.248979959304 ,  0.152774269954 ,  0.0745219217354 ,  0.435836013495 ,  0.0378058838185 ,  0.0661081419159 ,  0.432278054749 ,  0.190416284575 ,  -0.0383779509467 ,  0.186470356249 ,  0.171964805565 ,  0.244524915708 ,  0.204098256464 ,  0.082146362335 ,  0.148729396313 ,  0.121790947166 ,  0.289073206694 ,  0.0277669865182 ,  0.1670082275 ,  0.127747101811 ,  0.0572650689355 ,  0.11802360371
ADEPT ,  0.0334169846257 ,  0.0334169846257 ,  1.0 ,  1.0 ,  0.129610790157 ,  0.129610790157 ,  0.071817500733 ,  0.0947909611487 ,  0.0622236966841 ,  0.0125630878393 ,  0.277917969161 ,  -0.0457837778071 ,  0.238240646673 ,  0.0733835600618 ,  0.145157763656 ,  0.190894049632 ,  0.209211755414 ,  0.165713608841 ,  -0.0198761081459 ,  0.074425695554 ,  0.0558584608189 ,  0.074425695554 ,  0.0492664767245 ,  0.143079806155 ,  0.0979771129213 ,  0.0720131495086 ,  -0.0498943583685 ,  0.0801200071287 ,  0.259409868081 ,  0.123574274735 ,  0.413160446048 ,  0.05940714934 ,  -0.00635556698662 ,  0.322481845097 ,  0.228688129743 ,  0.119933821369 ,  0.119933821369 ,  0.0120906634624 ,  -0.0743970477269 ,  0.211866532701 ,  0.248979959304 ,  0.152774269954 ,  0.0745219217354 ,  0.435836013495 ,  0.0378058838185 ,  0.0661081419159 ,  0.432278054749 ,  0.190416284575 ,  -0.0383779509467 ,  0.186470356249 ,  0.171964805565 ,  0.244524915708 ,  0.204098256464 ,  0.082146362335 ,  0.148729396313 ,  0.121790947166 ,  0.289073206694 ,  0.0277669865182 ,  0.1670082275 ,  0.127747101811 ,  0.0572650689355 ,  0.11802360371
AMATEUR ,  0.14436752599 ,  0.14436752599 ,  0.129610790157 ,  0.129610790157 ,  1.0 ,  1.0 ,  0.0598918347551 ,  0.097629599282 ,  0.107395691975 ,  -0.0408428807031 ,  0.217899469173 ,  0.0718576332725 ,  0.00786522809943 ,  0.0444145396688 ,  0.0900393193351 ,  0.134801620402 ,  0.0301468247274 ,  0.104390443254 ,  -0.00945232613393 ,  0.132461948067 ,  0.0295515952449 ,  0.132461948067 ,  0.0799627020352 ,  0.133709669769 ,  0.0821201642353 ,  0.110153352658 ,  0.107622783624 ,  -0.00983848971306 ,  0.211831810068 ,  0.0846881114316 ,  0.166880296884 ,  -0.0219944950199 ,  -0.0731196736943 ,  0.237998677012 ,  0.177925524498 ,  0.161061889637 ,  0.161061889637 ,  -0.00535784344772 ,  0.104898501218 ,  0.212601293422 ,  0.319220486241 ,  0.105232793135 ,  0.127355653298 ,  0.15073547089 ,  0.181718330145 ,  0.000134765314849 ,  0.276788515863 ,  0.0608072130679 ,  0.0567210681102 ,  0.130989138059 ,  0.104013819032 ,  0.184961981214 ,  0.148815886249 ,  0.0846566759256 ,  0.128475790499 ,  0.106934504677 ,  0.00158623918694 ,  -0.0462653682884 ,  0.253401337858 ,  0.193209585789 ,  0.0948391342309 ,  0.0968362710841
AMATEUR ,  0.14436752599 ,  0.14436752599 ,  0.129610790157 ,  0.129610790157 ,  1.0 ,  1.0 ,  0.0598918347551 ,  0.097629599282 ,  0.107395691975 ,  -0.0408428807031 ,  0.217899469173 ,  0.0718576332725 ,  0.00786522809943 ,  0.0444145396688 ,  0.0900393193351 ,  0.134801620402 ,  0.0301468247274 ,  0.104390443254 ,  -0.00945232613393 ,  0.132461948067 ,  0.0295515952449 ,  0.132461948067 ,  0.0799627020352 ,  0.133709669769 ,  0.0821201642353 ,  0.110153352658 ,  0.107622783624 ,  -0.00983848971306 ,  0.211831810068 ,  0.0846881114316 ,  0.166880296884 ,  -0.0219944950199 ,  -0.0731196736943 ,  0.237998677012 ,  0.177925524498 ,  0.161061889637 ,  0.161061889637 ,  -0.00535784344772 ,  0.104898501218 ,  0.212601293422 ,  0.319220486241 ,  0.105232793135 ,  0.127355653298 ,  0.15073547089 ,  0.181718330145 ,  0.000134765314849 ,  0.276788515863 ,  0.0608072130679 ,  0.0567210681102 ,  0.130989138059 ,  0.104013819032 ,  0.184961981214 ,  0.148815886249 ,  0.0846566759256 ,  0.128475790499 ,  0.106934504677 ,  0.00158623918694 ,  -0.0462653682884 ,  0.253401337858 ,  0.193209585789 ,  0.0948391342309 ,  0.0968362710841
AWFUL ,  0.00204669456801 ,  0.00204669456801 ,  0.071817500733 ,  0.071817500733 ,  0.0598918347551 ,  0.0598918347551 ,  1.0 ,  0.330328582018 ,  -0.00107728343043 ,  -0.0324444949543 ,  0.228053514726 ,  -0.163910910212 ,  -0.039446166597 ,  0.0475598359408 ,  0.548462512804 ,  0.368976704036 ,  0.0218828812976 ,  0.15222473539 ,  -0.062481138429 ,  0.000299252723169 ,  -0.0387652180303 ,  0.000299252723169 ,  0.234161006969 ,  0.464579533167 ,  0.316717908639 ,  0.407500543615 ,  -0.0870736878489 ,  -0.0646123186458 ,  0.19383651008 ,  0.576262895781 ,  0.232484310189 ,  -0.0729737572562 ,  -0.0913028792734 ,  0.204148468254 ,  0.179885019392 ,  0.00527651099443 ,  0.00527651099443 ,  -0.105441692212 ,  -0.0920618705087 ,  0.278390587498 ,  -0.0618122680355 ,  0.323938146762 ,  0.0297747436354 ,  0.109806745711 ,  0.0806586628681 ,  -0.0847185793903 ,  0.175373182262 ,  0.00644002401111 ,  -0.0321987150316 ,  0.414538535628 ,  0.321948297564 ,  0.370024510817 ,  0.156849024298 ,  0.62357816299 ,  0.472709604368 ,  0.509761966931 ,  -0.0397493272694 ,  -0.124179370173 ,  0.0307258073102 ,  0.0567804143728 ,  -0.0769876006072 ,  0.518469320696
BAD ,  0.0151855629398 ,  0.0151855629398 ,  0.0947909611487 ,  0.0947909611487 ,  0.097629599282 ,  0.097629599282 ,  0.330328582018 ,  1.0 ,  -0.00557099187705 ,  0.0364609442528 ,  0.279783543641 ,  -0.0595691832679 ,  -0.00675501844115 ,  0.0731287203322 ,  0.318480711018 ,  0.421638360016 ,  0.0440443071553 ,  0.173838428143 ,  0.0249710149293 ,  0.0930807385325 ,  -0.022527580235 ,  0.0930807385325 ,  0.259331609421 ,  0.364808254966 ,  0.566667591064 ,  0.414027568352 ,  -0.0260530924843 ,  0.0442133203195 ,  0.250490919335 ,  0.325309008488 ,  0.233842765604 ,  -0.00954617928202 ,  -0.0497860056247 ,  0.253847629643 ,  0.191957689122 ,  0.108923003043 ,  0.108923003043 ,  -0.0350263257787 ,  -0.0923941110953 ,  0.299697614563 ,  0.0629979714462 ,  0.304530477405 ,  0.0705605878072 ,  0.126143141158 ,  0.12595124977 ,  -0.0406866784393 ,  0.233947548039 ,  0.0661215486506 ,  0.0402439052969 ,  0.253500382013 ,  0.191839252956 ,  0.288258433002 ,  0.165728238539 ,  0.521444400142 ,  0.417216440268 ,  0.331984133491 ,  0.0166352409119 ,  -0.0380584550102 ,  0.0348400960103 ,  0.0611553177376 ,  -0.0172634235376 ,  0.422275311735
BUFF ,  0.139856758461 ,  0.139856758461 ,  0.0622236966841 ,  0.0622236966841 ,  0.107395691975 ,  0.107395691975 ,  -0.00107728343043 ,  -0.00557099187705 ,  1.0 ,  -0.0433914442477 ,  0.0301064287028 ,  0.132632183512 ,  0.0620607948762 ,  0.074390013812 ,  0.00826109158626 ,  -0.0133715485909 ,  -0.022929375982 ,  -0.00478630986214 ,  -0.000530743142711 ,  0.242295440101 ,  -0.0324218169763 ,  0.242295440101 ,  0.0230249809457 ,  0.0103984525932 ,  0.0123527412802 ,  0.0414764956926 ,  0.294330060286 ,  -0.0373312710963 ,  0.0513825457852 ,  0.0311293148419 ,  0.0578687226902 ,  -0.0745663040863 ,  -0.0463727411122 ,  0.138874913158 ,  0.0367201652287 ,  0.225711756023 ,  0.225711756023 ,  -0.0474405623095 ,  0.31355539252 ,  0.0370179014686 ,  0.227518934047 ,  0.0161542017612 ,  -0.101686708945 ,  0.0561571259729 ,  0.0811409820069 ,  0.0446330840193 ,  0.0505979025046 ,  -0.00932168080172 ,  0.218890248013 ,  0.0514878629029 ,  -0.0282185642388 ,  0.0408511528554 ,  0.117828373859 ,  -0.0211367409313 ,  0.0204860163057 ,  -0.0176835273789 ,  0.0384076349915 ,  -0.0223029255613 ,  0.271442191122 ,  0.216519381925 ,  0.230261676444 ,  0.0450347241725
COMPETENCE ,  -0.066114858003 ,  -0.066114858003 ,  0.0125630878393 ,  0.0125630878393 ,  -0.0408428807031 ,  -0.0408428807031 ,  -0.0324444949543 ,  0.0364609442528 ,  -0.0433914442477 ,  1.0 ,  0.0969632179657 ,  0.125036186518 ,  0.116836491925 ,  0.0870285432621 ,  -0.0918783548847 ,  0.0163323712947 ,  0.103888196712 ,  -0.0159996285819 ,  0.294357872145 ,  0.0755419382163 ,  0.517162985813 ,  0.0755419382163 ,  -0.0405830426009 ,  -0.0256370453971 ,  0.063454805217 ,  0.00724647188023 ,  0.131639865037 ,  0.564444956335 ,  0.0577686215605 ,  -0.0132030875009 ,  0.0233926584538 ,  0.507432068481 ,  0.45143249616 ,  -0.0150930632791 ,  0.0398745715682 ,  0.0367052064951 ,  0.0367052064951 ,  0.268422016502 ,  0.00699832838915 ,  -0.0591949854755 ,  0.0225993897467 ,  0.0270277295007 ,  0.179200242733 ,  0.00229360038424 ,  -0.000530492607662 ,  0.454364332428 ,  0.0378575070028 ,  0.432418527424 ,  0.0888696268393 ,  -0.127702375717 ,  -0.0941063691403 ,  -0.0169250629534 ,  -0.0935750098659 ,  0.00858800750408 ,  0.00758299349834 ,  0.0406901946819 ,  0.206174466679 ,  0.433735284041 ,  -0.0838538454602 ,  0.00516862903502 ,  0.109228844339 ,  -0.0161501535546
COMPETENT ,  0.025406039399 ,  0.025406039399 ,  0.277917969161 ,  0.277917969161 ,  0.217899469173 ,  0.217899469173 ,  0.228053514726 ,  0.279783543641 ,  0.0301064287028 ,  0.0969632179657 ,  1.0 ,  -0.0855785644151 ,  0.00703382893461 ,  -0.00532783657962 ,  0.209521085426 ,  0.428564154668 ,  0.0511602085348 ,  0.280277051759 ,  0.0105603028313 ,  0.169340938206 ,  0.115624367418 ,  0.169340938206 ,  0.183584225588 ,  0.326120018178 ,  0.282919784668 ,  0.246290454406 ,  -0.0204889562388 ,  -0.0101555509616 ,  0.592407124754 ,  0.26951458151 ,  0.458572645416 ,  -0.0692616627548 ,  -0.0576862791257 ,  0.534188134597 ,  0.494070921707 ,  0.117616801783 ,  0.117616801783 ,  -0.045792665396 ,  -0.0258703546644 ,  0.367594924478 ,  0.244082644544 ,  0.401805924922 ,  0.0770889700615 ,  0.287467648858 ,  0.111459554014 ,  -0.0153388701229 ,  0.51909370739 ,  0.132552409773 ,  0.071327893444 ,  0.29145048779 ,  0.246728327237 ,  0.453561159643 ,  0.249053017312 ,  0.250474741947 ,  0.374878923404 ,  0.281180027081 ,  0.0907482039896 ,  -0.0825899686137 ,  0.138498456278 ,  0.101715656158 ,  -0.06313102893 ,  0.34832496932
CONNOISSEUR ,  0.172418823737 ,  0.172418823737 ,  -0.0457837778071 ,  -0.0457837778071 ,  0.0718576332725 ,  0.0718576332725 ,  -0.163910910212 ,  -0.0595691832679 ,  0.132632183512 ,  0.125036186518 ,  -0.0855785644151 ,  1.0 ,  0.113779755106 ,  0.0132428751633 ,  -0.227429619376 ,  -0.122771269388 ,  -0.0104881519962 ,  -0.149520724311 ,  0.0601339729678 ,  0.191035265688 ,  0.118814342782 ,  0.191035265688 ,  -0.0444049304315 ,  -0.14032218872 ,  -0.0519104503916 ,  -0.0873242801962 ,  0.358066208559 ,  0.103440545305 ,  -0.088854344597 ,  -0.14922559425 ,  -0.114236936198 ,  0.111330842703 ,  0.247894456368 ,  -0.10629867523 ,  -0.0322293799099 ,  0.175290012199 ,  0.175290012199 ,  0.348107608898 ,  0.289166940089 ,  -0.146289239332 ,  0.174780917609 ,  -0.13770210693 ,  -0.0404539423892 ,  -0.0557911208048 ,  0.00183975672608 ,  0.215861297258 ,  -0.0296022426193 ,  0.0628606053941 ,  0.179215632765 ,  -0.16149792317 ,  -0.257078046183 ,  -0.161764018837 ,  -0.0673944932855 ,  -0.161185550637 ,  -0.141766268831 ,  -0.1830777565 ,  0.0651653598549 ,  0.242313607016 ,  0.161195968445 ,  0.102773397324 ,  0.282462177912 ,  -0.118245494408
CONVERSANT ,  -0.0567327260991 ,  -0.0567327260991 ,  0.238240646673 ,  0.238240646673 ,  0.00786522809943 ,  0.00786522809943 ,  -0.039446166597 ,  -0.00675501844115 ,  0.0620607948762 ,  0.116836491925 ,  0.00703382893461 ,  0.113779755106 ,  1.0 ,  0.0162496907827 ,  0.0264098535723 ,  0.00713243606934 ,  0.137715804622 ,  0.0200565821063 ,  0.055776249946 ,  0.108255549634 ,  0.169781436518 ,  0.108255549634 ,  0.150317722541 ,  0.0179483704809 ,  -0.0379256189474 ,  -0.0279408027923 ,  0.0922169385223 ,  0.127686527278 ,  -0.0406595121847 ,  0.00574848563888 ,  0.113844780078 ,  0.21917825912 ,  0.230700489094 ,  0.146838449321 ,  0.135203919592 ,  0.0594218760032 ,  0.0594218760032 ,  0.257860603122 ,  0.0210250181666 ,  -0.00503457946361 ,  0.0825801661309 ,  0.0206389312735 ,  0.0723643448895 ,  0.218354964372 ,  -0.110433622181 ,  0.176877020425 ,  0.163399939983 ,  0.075122233087 ,  0.0618828869721 ,  0.051262086894 ,  -0.0507467685462 ,  0.0761599795563 ,  0.00740846149755 ,  -0.0179214641383 ,  0.0137012263484 ,  -0.029215223565 ,  0.564427747293 ,  0.251963477219 ,  0.072475772768 ,  0.134590950944 ,  0.0258226552634 ,  0.034817255092
CRACK ,  0.182061344974 ,  0.182061344974 ,  0.0733835600618 ,  0.0733835600618 ,  0.0444145396688 ,  0.0444145396688 ,  0.0475598359408 ,  0.0731287203322 ,  0.074390013812 ,  0.0870285432621 ,  -0.00532783657962 ,  0.0132428751633 ,  0.0162496907827 ,  1.0 ,  0.00331033725767 ,  0.00717542601465 ,  0.0635932103277 ,  0.0696838554723 ,  0.0987008050468 ,  0.00567100324119 ,  0.114760075205 ,  0.00567100324119 ,  0.000747741723117 ,  0.000983754407852 ,  0.0418015536462 ,  0.0134646597055 ,  0.0243209299477 ,  0.168283284706 ,  0.0107769109934 ,  0.00403355773203 ,  0.012224232198 ,  0.114167982827 ,  0.0779978256059 ,  0.0788652467499 ,  -0.0131274250061 ,  0.133202606405 ,  0.133202606405 ,  0.061561845543 ,  0.00786850791352 ,  0.0211551539108 ,  0.058231121611 ,  0.0257018315649 ,  0.087510185413 ,  0.11224665294 ,  0.0547053053233 ,  0.124253401994 ,  0.0455389867535 ,  0.110740131577 ,  0.0441318008082 ,  -0.0287146577196 ,  -0.0189404064183 ,  0.000846950907987 ,  0.0147740189452 ,  0.0410372895674 ,  0.0139678696673 ,  0.0218026096068 ,  0.0757242964619 ,  0.0869695459013 ,  -0.0218855654048 ,  0.0719719230966 ,  0.0963307888826 ,  0.0185672968258
DREADFUL ,  -0.0794573664395 ,  -0.0794573664395 ,  0.145157763656 ,  0.145157763656 ,  0.0900393193351 ,  0.0900393193351 ,  0.548462512804 ,  0.318480711018 ,  0.00826109158626 ,  -0.0918783548847 ,  0.209521085426 ,  -0.227429619376 ,  0.0264098535723 ,  0.00331033725767 ,  1.0 ,  0.409362029888 ,  0.058134668819 ,  0.142467347668 ,  -0.0915661913052 ,  -0.0213735543755 ,  -0.116381755949 ,  -0.0213735543755 ,  0.200930799427 ,  0.574579073955 ,  0.266188767559 ,  0.36071535712 ,  -0.134514795579 ,  -0.0233542768166 ,  0.212556745503 ,  0.542516627614 ,  0.32543339238 ,  -0.0311140101719 ,  -0.0752034447321 ,  0.236127377753 ,  0.193936367424 ,  -0.0210013646569 ,  -0.0210013646569 ,  -0.133600340492 ,  -0.142162818931 ,  0.439554021591 ,  -0.0278726986362 ,  0.418764813276 ,  0.0778703012673 ,  0.214937616073 ,  0.108458898658 ,  -0.0694035304943 ,  0.173515268834 ,  -0.0424264054474 ,  -0.113877587401 ,  0.59012479747 ,  0.473169206013 ,  0.479266542165 ,  0.34439268522 ,  0.61814251897 ,  0.522159698011 ,  0.48239845589 ,  0.02089164653 ,  -0.135155490601 ,  0.141898331566 ,  0.0987502016531 ,  -0.155602929741 ,  0.469222797284
EXCELLENT ,  0.0126646025972 ,  0.0126646025972 ,  0.190894049632 ,  0.190894049632 ,  0.134801620402 ,  0.134801620402 ,  0.368976704036 ,  0.421638360016 ,  -0.0133715485909 ,  0.0163323712947 ,  0.428564154668 ,  -0.122771269388 ,  0.00713243606934 ,  0.00717542601465 ,  0.409362029888 ,  1.0 ,  0.0597042004752 ,  0.239456736053 ,  0.0408475169779 ,  0.12502124051 ,  0.0650531858355 ,  0.12502124051 ,  0.186956229102 ,  0.629879714428 ,  0.527827535752 ,  0.512591726527 ,  -0.04908514466 ,  -0.0469026296737 ,  0.317347765927 ,  0.540606185639 ,  0.318372948065 ,  -0.114518542416 ,  -0.0811151182419 ,  0.287997128376 ,  0.269545433464 ,  0.0852369363628 ,  0.0852369363628 ,  -0.0630636828557 ,  -0.0227793526648 ,  0.434184441471 ,  0.0444058595614 ,  0.598092011605 ,  0.106523336906 ,  0.231335036448 ,  0.137592519197 ,  -0.0777403850305 ,  0.353016234734 ,  0.0992307064146 ,  0.03385333747 ,  0.523675067963 ,  0.317912799195 ,  0.682838683467 ,  0.306262919064 ,  0.498001110958 ,  0.758026987281 ,  0.525916381573 ,  0.0282756527196 ,  -0.116716900248 ,  0.16145472009 ,  0.0886764245322 ,  -0.0613022258712 ,  0.640134191914
EXCEL ,  -0.00596972403478 ,  -0.00596972403478 ,  0.209211755414 ,  0.209211755414 ,  0.0301468247274 ,  0.0301468247274 ,  0.0218828812976 ,  0.0440443071553 ,  -0.022929375982 ,  0.103888196712 ,  0.0511602085348 ,  -0.0104881519962 ,  0.137715804622 ,  0.0635932103277 ,  0.058134668819 ,  0.0597042004752 ,  1.0 ,  0.116261061809 ,  0.0692004246663 ,  -0.0585729514706 ,  0.108880092661 ,  -0.0585729514706 ,  0.0293797703469 ,  0.0535844353823 ,  0.0778164834282 ,  0.014985686446 ,  -0.0478073773426 ,  0.0769326634247 ,  0.0518540565953 ,  0.0493741895018 ,  0.100947984924 ,  0.101085384303 ,  0.0106899320499 ,  0.131996373135 ,  0.0507066261653 ,  0.0105789205496 ,  0.0105789205496 ,  0.0946364445595 ,  -0.100998661419 ,  0.126517569251 ,  0.0562462924531 ,  0.0632969343044 ,  0.0848336692667 ,  0.244211538239 ,  -0.0141947189469 ,  0.102065646781 ,  0.184490521627 ,  0.180730726945 ,  -0.0777430906527 ,  0.0567205553222 ,  0.0692103474345 ,  0.0474169422376 ,  0.0629425792902 ,  -0.00311216312071 ,  0.0564282076553 ,  0.0544366826228 ,  0.187918555913 ,  0.122469232006 ,  -0.013447807109 ,  0.0417051741865 ,  -0.0135264438581 ,  0.0379886974199
EXPERIENCED ,  0.022939113561 ,  0.022939113561 ,  0.165713608841 ,  0.165713608841 ,  0.104390443254 ,  0.104390443254 ,  0.15222473539 ,  0.173838428143 ,  -0.00478630986214 ,  -0.0159996285819 ,  0.280277051759 ,  -0.149520724311 ,  0.0200565821063 ,  0.0696838554723 ,  0.142467347668 ,  0.239456736053 ,  0.116261061809 ,  1.0 ,  0.24513663929 ,  0.0834877271359 ,  0.0640951695797 ,  0.0834877271359 ,  0.115226279893 ,  0.180243106774 ,  0.193403461029 ,  0.182890733453 ,  -0.112949849418 ,  0.0298720515036 ,  0.202924194268 ,  0.219575814234 ,  0.207121845844 ,  0.00597671441754 ,  -0.0161558945951 ,  0.271563369658 ,  0.271219765591 ,  0.107229998944 ,  0.107229998944 ,  -0.0613355297539 ,  -0.0879425979786 ,  0.196790127283 ,  0.0842164865029 ,  0.273927841729 ,  0.00568332089164 ,  0.156030677773 ,  0.0731319746268 ,  -0.00538494626748 ,  0.308382727465 ,  0.0586308114601 ,  0.0281580893436 ,  0.168429914352 ,  0.123379863669 ,  0.262791679352 ,  0.100838633772 ,  0.199069628589 ,  0.205572637156 ,  0.254824766943 ,  0.0522373274582 ,  -0.0708388472993 ,  0.014154254327 ,  -0.0349588250949 ,  -0.0565336197958 ,  0.236103561354
EXPERIENCE ,  0.0363734398215 ,  0.0363734398215 ,  -0.0198761081459 ,  -0.0198761081459 ,  -0.00945232613393 ,  -0.00945232613393 ,  -0.062481138429 ,  0.0249710149293 ,  -0.000530743142711 ,  0.294357872145 ,  0.0105603028313 ,  0.0601339729678 ,  0.055776249946 ,  0.0987008050468 ,  -0.0915661913052 ,  0.0408475169779 ,  0.0692004246663 ,  0.24513663929 ,  1.0 ,  0.22871402528 ,  0.395193473569 ,  0.22871402528 ,  0.03759157097 ,  0.000286495884333 ,  0.129543301058 ,  0.0447164641639 ,  0.0893075508077 ,  0.263102168867 ,  -0.0872996843841 ,  0.0505684703744 ,  -0.0855632920305 ,  0.205234053735 ,  0.20103624245 ,  -0.081114526917 ,  -0.00671681627401 ,  0.0836444703139 ,  0.0836444703139 ,  0.118640411912 ,  0.0587392152222 ,  -0.0534475527506 ,  -0.0129357270279 ,  0.00699086531987 ,  0.0974807638293 ,  -0.0366390608957 ,  -0.0061928031406 ,  0.261467450085 ,  0.00560986540773 ,  0.287085630837 ,  0.188543002106 ,  -0.111938461129 ,  -0.156876268646 ,  -0.0233957970793 ,  -0.071955810555 ,  0.0242593956317 ,  0.00531158072792 ,  0.0725555674209 ,  0.075319025058 ,  0.231286178469 ,  -0.0795657916746 ,  -0.0696971459752 ,  0.13937323011 ,  0.0741072530058
EXPERT ,  0.158010038336 ,  0.158010038336 ,  0.074425695554 ,  0.074425695554 ,  0.132461948067 ,  0.132461948067 ,  0.000299252723169 ,  0.0930807385325 ,  0.242295440101 ,  0.0755419382163 ,  0.169340938206 ,  0.191035265688 ,  0.108255549634 ,  0.00567100324119 ,  -0.0213735543755 ,  0.12502124051 ,  -0.0585729514706 ,  0.0834877271359 ,  0.22871402528 ,  1.0 ,  0.271043267905 ,  1.0 ,  0.13267066219 ,  0.036685375299 ,  0.111413401314 ,  0.0978756925754 ,  0.447225330709 ,  0.0549164280151 ,  0.0858224881871 ,  0.0254054864344 ,  0.074663766298 ,  -0.00759568654951 ,  -0.0027411696817 ,  0.109068877478 ,  0.211997538146 ,  0.280437101343 ,  0.280437101343 ,  0.0492255894948 ,  0.348191747747 ,  -0.0346234311751 ,  0.197018482916 ,  0.0837577417309 ,  0.0418963976789 ,  0.0482616119359 ,  0.136357198999 ,  0.0666202346648 ,  0.172826104346 ,  0.0893178406687 ,  0.641358801803 ,  -0.0333235688347 ,  -0.102783061807 ,  0.0522023552368 ,  0.0224154385784 ,  0.0555379545875 ,  0.109262185621 ,  0.0270880330261 ,  0.17031176221 ,  0.0386338115208 ,  0.185604303082 ,  0.138702140236 ,  0.28041926915 ,  0.107109315235
EXPERTISE ,  0.0366744881984 ,  0.0366744881984 ,  0.0558584608189 ,  0.0558584608189 ,  0.0295515952449 ,  0.0295515952449 ,  -0.0387652180303 ,  -0.022527580235 ,  -0.0324218169763 ,  0.517162985813 ,  0.115624367418 ,  0.118814342782 ,  0.169781436518 ,  0.114760075205 ,  -0.116381755949 ,  0.0650531858355 ,  0.108880092661 ,  0.0640951695797 ,  0.395193473569 ,  0.271043267905 ,  1.0 ,  0.271043267905 ,  -0.0350310506473 ,  -0.0107832590226 ,  0.0765188987802 ,  0.0217509360551 ,  0.196381512755 ,  0.36269054521 ,  0.0159605069109 ,  0.00452579683751 ,  0.0279483285659 ,  0.307903111996 ,  0.312150189846 ,  0.00277848122668 ,  0.145886611332 ,  0.0609693137317 ,  0.0609693137317 ,  0.223080675611 ,  0.0745274504207 ,  -0.0831524480138 ,  0.0116194819704 ,  0.0504377212394 ,  0.156951302624 ,  0.0527240330113 ,  0.00747637456332 ,  0.390612612237 ,  0.129763102101 ,  0.39268402726 ,  0.253655960641 ,  -0.0974204013145 ,  -0.145481769349 ,  -0.00861182756638 ,  -0.127141375629 ,  0.000775878680798 ,  0.0440528207826 ,  0.042309056066 ,  0.263838324942 ,  0.32206129944 ,  -0.109069841954 ,  0.0142590746495 ,  0.170069018369 ,  0.0562768922942
EXPERT ,  0.158010038336 ,  0.158010038336 ,  0.074425695554 ,  0.074425695554 ,  0.132461948067 ,  0.132461948067 ,  0.000299252723169 ,  0.0930807385325 ,  0.242295440101 ,  0.0755419382163 ,  0.169340938206 ,  0.191035265688 ,  0.108255549634 ,  0.00567100324119 ,  -0.0213735543755 ,  0.12502124051 ,  -0.0585729514706 ,  0.0834877271359 ,  0.22871402528 ,  1.0 ,  0.271043267905 ,  1.0 ,  0.13267066219 ,  0.036685375299 ,  0.111413401314 ,  0.0978756925754 ,  0.447225330709 ,  0.0549164280151 ,  0.0858224881871 ,  0.0254054864344 ,  0.074663766298 ,  -0.00759568654951 ,  -0.0027411696817 ,  0.109068877478 ,  0.211997538146 ,  0.280437101343 ,  0.280437101343 ,  0.0492255894948 ,  0.348191747747 ,  -0.0346234311751 ,  0.197018482916 ,  0.0837577417309 ,  0.0418963976789 ,  0.0482616119359 ,  0.136357198999 ,  0.0666202346648 ,  0.172826104346 ,  0.0893178406687 ,  0.641358801803 ,  -0.0333235688347 ,  -0.102783061807 ,  0.0522023552368 ,  0.0224154385784 ,  0.0555379545875 ,  0.109262185621 ,  0.0270880330261 ,  0.17031176221 ,  0.0386338115208 ,  0.185604303082 ,  0.138702140236 ,  0.28041926915 ,  0.107109315235
FAMILIAR ,  0.0377356241906 ,  0.0377356241906 ,  0.0492664767245 ,  0.0492664767245 ,  0.0799627020352 ,  0.0799627020352 ,  0.234161006969 ,  0.259331609421 ,  0.0230249809457 ,  -0.0405830426009 ,  0.183584225588 ,  -0.0444049304315 ,  0.150317722541 ,  0.000747741723117 ,  0.200930799427 ,  0.186956229102 ,  0.0293797703469 ,  0.115226279893 ,  0.03759157097 ,  0.13267066219 ,  -0.0350310506473 ,  0.13267066219 ,  1.0 ,  0.232052978047 ,  0.203485469017 ,  0.194796742426 ,  0.0428361691644 ,  -0.0392622384115 ,  0.0807020667201 ,  0.282050654026 ,  0.1220748721 ,  -0.0254484376037 ,  -0.0696557146745 ,  0.116332374299 ,  0.240774162857 ,  0.0433076901087 ,  0.0433076901087 ,  -0.0359604494613 ,  -0.0298169013342 ,  0.139932714913 ,  0.00291016011773 ,  0.174889322742 ,  0.0581206887574 ,  0.0759247213337 ,  0.0535755369895 ,  -0.0599806217502 ,  0.149250782024 ,  0.0387224118917 ,  0.0860469176592 ,  0.234932424052 ,  0.171854720401 ,  0.169458871972 ,  0.162565983565 ,  0.259873635973 ,  0.218205732068 ,  0.227060840837 ,  0.0773184896848 ,  -0.0727460156452 ,  0.0634246094261 ,  0.0660626121193 ,  0.0215103759348 ,  0.254900071563
FANTASTIC ,  -0.0126831047019 ,  -0.0126831047019 ,  0.143079806155 ,  0.143079806155 ,  0.133709669769 ,  0.133709669769 ,  0.464579533167 ,  0.364808254966 ,  0.0103984525932 ,  -0.0256370453971 ,  0.326120018178 ,  -0.14032218872 ,  0.0179483704809 ,  0.000983754407852 ,  0.574579073955 ,  0.629879714428 ,  0.0535844353823 ,  0.180243106774 ,  0.000286495884333 ,  0.036685375299 ,  -0.0107832590226 ,  0.036685375299 ,  0.232052978047 ,  1.0 ,  0.40781563061 ,  0.516551945958 ,  -0.123019317912 ,  -0.082268141284 ,  0.237201952097 ,  0.658628991299 ,  0.258609483487 ,  -0.0954165407703 ,  -0.0942674861671 ,  0.252168728415 ,  0.223654062512 ,  0.0680696845937 ,  0.0680696845937 ,  -0.0934979429383 ,  -0.072196604941 ,  0.439259417006 ,  0.0217732130379 ,  0.52838056915 ,  0.087307973886 ,  0.162203307976 ,  0.125361074932 ,  -0.0731609438809 ,  0.244310592201 ,  0.0577280566763 ,  -0.0475010678949 ,  0.592427231662 ,  0.414355509619 ,  0.660514426249 ,  0.344025992079 ,  0.54417544393 ,  0.735171326411 ,  0.572423458479 ,  0.0214489648729 ,  -0.0895489466019 ,  0.173840405616 ,  0.128624870312 ,  -0.106445527955 ,  0.662717213271
GOOD ,  0.024186481914 ,  0.024186481914 ,  0.0979771129213 ,  0.0979771129213 ,  0.0821201642353 ,  0.0821201642353 ,  0.316717908639 ,  0.566667591064 ,  0.0123527412802 ,  0.063454805217 ,  0.282919784668 ,  -0.0519104503916 ,  -0.0379256189474 ,  0.0418015536462 ,  0.266188767559 ,  0.527827535752 ,  0.0778164834282 ,  0.193403461029 ,  0.129543301058 ,  0.111413401314 ,  0.0765188987802 ,  0.111413401314 ,  0.203485469017 ,  0.40781563061 ,  1.0 ,  0.570384509135 ,  -0.00110458775758 ,  0.0120696802271 ,  0.204847339847 ,  0.359265062187 ,  0.169761873907 ,  -0.0314318326121 ,  -0.027459604225 ,  0.195730145189 ,  0.19187055871 ,  0.101893700804 ,  0.101893700804 ,  -0.0285121389868 ,  -0.0474030799735 ,  0.275793387875 ,  0.048863022509 ,  0.361474246768 ,  0.0557398646317 ,  0.127887160668 ,  0.128933583736 ,  -0.0182349768107 ,  0.24161775993 ,  0.105131835939 ,  0.0425722446007 ,  0.300766910313 ,  0.182148309275 ,  0.355883278007 ,  0.159709432332 ,  0.425868554427 ,  0.502505513398 ,  0.359202395288 ,  0.0132251230094 ,  -0.0124436464706 ,  0.035973521691 ,  0.0391950349233 ,  0.00814268322377 ,  0.523899034013
GREAT ,  0.00730666996801 ,  0.00730666996801 ,  0.0720131495086 ,  0.0720131495086 ,  0.110153352658 ,  0.110153352658 ,  0.407500543615 ,  0.414027568352 ,  0.0414764956926 ,  0.00724647188023 ,  0.246290454406 ,  -0.0873242801962 ,  -0.0279408027923 ,  0.0134646597055 ,  0.36071535712 ,  0.512591726527 ,  0.014985686446 ,  0.182890733453 ,  0.0447164641639 ,  0.0978756925754 ,  0.0217509360551 ,  0.0978756925754 ,  0.194796742426 ,  0.516551945958 ,  0.570384509135 ,  1.0 ,  0.0138610707751 ,  -0.0343709204118 ,  0.195946663193 ,  0.54463334097 ,  0.178224091305 ,  -0.0504590435776 ,  -0.0806542059289 ,  0.193781151825 ,  0.177848538057 ,  0.0680972917117 ,  0.0680972917117 ,  -0.0816332830772 ,  0.00853224532567 ,  0.25655392787 ,  0.0505412335046 ,  0.388047634338 ,  0.0201972040202 ,  0.0835974950639 ,  0.139864786072 ,  -0.0737222170042 ,  0.20656840355 ,  0.0557640924541 ,  0.019480684483 ,  0.415142544882 ,  0.255295768528 ,  0.420841095973 ,  0.178328100967 ,  0.513165912046 ,  0.593096388643 ,  0.553366240551 ,  -0.000508153066719 ,  -0.0899599630781 ,  0.103444314369 ,  0.0816712228263 ,  -0.00185105964234 ,  0.646054380805
GURU ,  0.22791367014 ,  0.22791367014 ,  -0.0498943583685 ,  -0.0498943583685 ,  0.107622783624 ,  0.107622783624 ,  -0.0870736878489 ,  -0.0260530924843 ,  0.294330060286 ,  0.131639865037 ,  -0.0204889562388 ,  0.358066208559 ,  0.0922169385223 ,  0.0243209299477 ,  -0.134514795579 ,  -0.04908514466 ,  -0.0478073773426 ,  -0.112949849418 ,  0.0893075508077 ,  0.447225330709 ,  0.196381512755 ,  0.447225330709 ,  0.0428361691644 ,  -0.123019317912 ,  -0.00110458775758 ,  0.0138610707751 ,  1.0 ,  0.125546712587 ,  -0.0109907005696 ,  -0.105065485236 ,  -0.0250246427696 ,  0.0964263985571 ,  0.117384594352 ,  -0.00586130058491 ,  0.0486429600028 ,  0.239477802996 ,  0.239477802996 ,  0.150319243822 ,  0.59366266508 ,  -0.091909366856 ,  0.2617481783 ,  -0.0391487106271 ,  0.017863569681 ,  -0.0352267338284 ,  0.0979518101483 ,  0.187709437529 ,  -0.00562595268844 ,  0.0870954752361 ,  0.487057580235 ,  -0.11891414976 ,  -0.174292746313 ,  -0.0948092187604 ,  -0.0434981885976 ,  -0.0681944293007 ,  -0.0457972273887 ,  -0.118943265119 ,  0.0894821857296 ,  0.164030129854 ,  0.272331334294 ,  0.220085271424 ,  0.448150073767 ,  -0.0386603756148
INCOMPETENCE ,  -0.0486168521139 ,  -0.0486168521139 ,  0.0801200071287 ,  0.0801200071287 ,  -0.00983848971306 ,  -0.00983848971306 ,  -0.0646123186458 ,  0.0442133203195 ,  -0.0373312710963 ,  0.564444956335 ,  -0.0101555509616 ,  0.103440545305 ,  0.127686527278 ,  0.168283284706 ,  -0.0233542768166 ,  -0.0469026296737 ,  0.0769326634247 ,  0.0298720515036 ,  0.263102168867 ,  0.0549164280151 ,  0.36269054521 ,  0.0549164280151 ,  -0.0392622384115 ,  -0.082268141284 ,  0.0120696802271 ,  -0.0343709204118 ,  0.125546712587 ,  1.0 ,  0.114636178863 ,  -0.016180322241 ,  0.155891279253 ,  0.651139792094 ,  0.4648114657 ,  -0.0266496229516 ,  -0.0332938271746 ,  0.0231338983776 ,  0.0231338983776 ,  0.18609938671 ,  -0.0149552227644 ,  -0.0585081066842 ,  -3.44718438983e-05 ,  -0.0372473739888 ,  0.107627240693 ,  0.0107836850157 ,  -0.0147688271677 ,  0.41605476827 ,  -0.00598504796029 ,  0.305152848036 ,  0.0512709240562 ,  -0.109081874144 ,  -0.110159027171 ,  -0.0661470262995 ,  -0.109373858994 ,  0.0534655923371 ,  -0.067971716598 ,  0.0101966031367 ,  0.190936915234 ,  0.419151243261 ,  -0.0963278987187 ,  -0.02027420115 ,  0.105791972439 ,  -0.0697581191792
INCOMPETENT ,  0.017091998978 ,  0.017091998978 ,  0.259409868081 ,  0.259409868081 ,  0.211831810068 ,  0.211831810068 ,  0.19383651008 ,  0.250490919335 ,  0.0513825457852 ,  0.0577686215605 ,  0.592407124754 ,  -0.088854344597 ,  -0.0406595121847 ,  0.0107769109934 ,  0.212556745503 ,  0.317347765927 ,  0.0518540565953 ,  0.202924194268 ,  -0.0872996843841 ,  0.0858224881871 ,  0.0159605069109 ,  0.0858224881871 ,  0.0807020667201 ,  0.237201952097 ,  0.204847339847 ,  0.195946663193 ,  -0.0109907005696 ,  0.114636178863 ,  1.0 ,  0.198500570789 ,  0.555160691964 ,  -0.00170912223487 ,  -0.0206468437567 ,  0.543139462664 ,  0.374844550353 ,  0.088574759818 ,  0.088574759818 ,  -0.144563485695 ,  -0.0129567728008 ,  0.373017520739 ,  0.289805128794 ,  0.283667386036 ,  0.0212709369804 ,  0.230169211031 ,  0.0778551609877 ,  -0.0612543482619 ,  0.385962663988 ,  0.0645174225788 ,  0.0372035093394 ,  0.238761711841 ,  0.204854759101 ,  0.35004603208 ,  0.205836085326 ,  0.249130979534 ,  0.268910313019 ,  0.161628657588 ,  0.0412748506387 ,  -0.0849162280589 ,  0.154554764919 ,  0.0833882815988 ,  -0.0321117481636 ,  0.217518939559
INCREDIBLE ,  -0.0313307857804 ,  -0.0313307857804 ,  0.123574274735 ,  0.123574274735 ,  0.0846881114316 ,  0.0846881114316 ,  0.576262895781 ,  0.325309008488 ,  0.0311293148419 ,  -0.0132030875009 ,  0.26951458151 ,  -0.14922559425 ,  0.00574848563888 ,  0.00403355773203 ,  0.542516627614 ,  0.540606185639 ,  0.0493741895018 ,  0.219575814234 ,  0.0505684703744 ,  0.0254054864344 ,  0.00452579683751 ,  0.0254054864344 ,  0.282050654026 ,  0.658628991299 ,  0.359265062187 ,  0.54463334097 ,  -0.105065485236 ,  -0.016180322241 ,  0.198500570789 ,  1.0 ,  0.249541978877 ,  -0.0492823078709 ,  -0.118003501166 ,  0.163845446624 ,  0.159074080332 ,  0.062526868937 ,  0.062526868937 ,  -0.100610474693 ,  -0.0736554952162 ,  0.330282786757 ,  -0.0485370281338 ,  0.462872540938 ,  0.048037048375 ,  0.127965928825 ,  0.123579966344 ,  -0.0871328781394 ,  0.188520790957 ,  0.0915161974716 ,  -0.0571704254957 ,  0.539911019018 ,  0.402228073003 ,  0.53917115117 ,  0.281335895861 ,  0.633575109508 ,  0.637510026153 ,  0.724653909619 ,  0.0374518760748 ,  -0.084161678585 ,  0.129313267453 ,  0.0890016076259 ,  -0.042889652006 ,  0.670615916833
INEPT ,  -0.0331007342342 ,  -0.0331007342342 ,  0.413160446048 ,  0.413160446048 ,  0.166880296884 ,  0.166880296884 ,  0.232484310189 ,  0.233842765604 ,  0.0578687226902 ,  0.0233926584538 ,  0.458572645416 ,  -0.114236936198 ,  0.113844780078 ,  0.012224232198 ,  0.32543339238 ,  0.318372948065 ,  0.100947984924 ,  0.207121845844 ,  -0.0855632920305 ,  0.074663766298 ,  0.0279483285659 ,  0.074663766298 ,  0.1220748721 ,  0.258609483487 ,  0.169761873907 ,  0.178224091305 ,  -0.0250246427696 ,  0.155891279253 ,  0.555160691964 ,  0.249541978877 ,  1.0 ,  0.0653659707956 ,  -0.0156477114565 ,  0.557717064176 ,  0.394817206745 ,  0.0731706276381 ,  0.0731706276381 ,  -0.121573324155 ,  -0.0479095071608 ,  0.440818991285 ,  0.221169389617 ,  0.324482083596 ,  0.0286072480438 ,  0.322128466131 ,  0.0619937418952 ,  -0.0234136555121 ,  0.440332542447 ,  0.0459967315948 ,  0.0151217318156 ,  0.357482472787 ,  0.382070050784 ,  0.426907711583 ,  0.278384944475 ,  0.296859984684 ,  0.272917666347 ,  0.245497376852 ,  0.180719068719 ,  -0.105675440017 ,  0.201819843137 ,  0.125221030302 ,  -0.0734596531417 ,  0.228484522306
INEPTITUDE ,  -0.0862761558278 ,  -0.0862761558278 ,  0.05940714934 ,  0.05940714934 ,  -0.0219944950199 ,  -0.0219944950199 ,  -0.0729737572562 ,  -0.00954617928202 ,  -0.0745663040863 ,  0.507432068481 ,  -0.0692616627548 ,  0.111330842703 ,  0.21917825912 ,  0.114167982827 ,  -0.0311140101719 ,  -0.114518542416 ,  0.101085384303 ,  0.00597671441754 ,  0.205234053735 ,  -0.00759568654951 ,  0.307903111996 ,  -0.00759568654951 ,  -0.0254484376037 ,  -0.0954165407703 ,  -0.0314318326121 ,  -0.0504590435776 ,  0.0964263985571 ,  0.651139792094 ,  -0.00170912223487 ,  -0.0492823078709 ,  0.0653659707956 ,  1.0 ,  0.539036820695 ,  -0.063827836916 ,  -0.0691074803005 ,  -0.0296905293039 ,  -0.0296905293039 ,  0.309342910957 ,  -0.0323391123564 ,  -0.0622509220013 ,  0.00894167742685 ,  -0.0507693433964 ,  0.141495356947 ,  0.0199958006938 ,  -0.0482161189671 ,  0.513037412462 ,  -0.0421424974035 ,  0.276500416113 ,  0.00349474349085 ,  -0.102642617116 ,  -0.0990836770728 ,  -0.0751066863168 ,  -0.0977304947704 ,  0.0144252371599 ,  -0.0911991670276 ,  -0.020864458687 ,  0.280503483499 ,  0.511864689714 ,  -0.0682754000708 ,  -0.00653538157914 ,  0.0769989684575 ,  -0.0961622526301
INEPTNESS ,  -0.012905159204 ,  -0.012905159204 ,  -0.00635556698662 ,  -0.00635556698662 ,  -0.0731196736943 ,  -0.0731196736943 ,  -0.0913028792734 ,  -0.0497860056247 ,  -0.0463727411122 ,  0.45143249616 ,  -0.0576862791257 ,  0.247894456368 ,  0.230700489094 ,  0.0779978256059 ,  -0.0752034447321 ,  -0.0811151182419 ,  0.0106899320499 ,  -0.0161558945951 ,  0.20103624245 ,  -0.0027411696817 ,  0.312150189846 ,  -0.0027411696817 ,  -0.0696557146745 ,  -0.0942674861671 ,  -0.027459604225 ,  -0.0806542059289 ,  0.117384594352 ,  0.4648114657 ,  -0.0206468437567 ,  -0.118003501166 ,  -0.0156477114565 ,  0.539036820695 ,  1.0 ,  -0.0821525011655 ,  -0.0364121151745 ,  -0.00891574951405 ,  -0.00891574951405 ,  0.390187424406 ,  0.0215110465624 ,  -0.107274912478 ,  -0.00301992539214 ,  -0.0658673194608 ,  0.132795891292 ,  -0.00322093682676 ,  -0.0360401685367 ,  0.513715137112 ,  -0.0418687505949 ,  0.212387455923 ,  0.0347763337121 ,  -0.106599280924 ,  -0.168450821569 ,  -0.0938286700403 ,  -0.099530602677 ,  -0.037127305525 ,  -0.0869895834767 ,  -0.0920601568334 ,  0.213400267625 ,  0.49527163858 ,  -0.0968622302612 ,  -0.0210283446182 ,  0.12819049598 ,  -0.090575298389
INEXPERIENCED ,  0.107822494812 ,  0.107822494812 ,  0.322481845097 ,  0.322481845097 ,  0.237998677012 ,  0.237998677012 ,  0.204148468254 ,  0.253847629643 ,  0.138874913158 ,  -0.0150930632791 ,  0.534188134597 ,  -0.10629867523 ,  0.146838449321 ,  0.0788652467499 ,  0.236127377753 ,  0.287997128376 ,  0.131996373135 ,  0.271563369658 ,  -0.081114526917 ,  0.109068877478 ,  0.00277848122668 ,  0.109068877478 ,  0.116332374299 ,  0.252168728415 ,  0.195730145189 ,  0.193781151825 ,  -0.00586130058491 ,  -0.0266496229516 ,  0.543139462664 ,  0.163845446624 ,  0.557717064176 ,  -0.063827836916 ,  -0.0821525011655 ,  1.0 ,  0.470812858569 ,  0.0973270299245 ,  0.0973270299245 ,  -0.0883896011645 ,  0.0360476188279 ,  0.435974397597 ,  0.422131615081 ,  0.314307119825 ,  0.0796639896258 ,  0.396269720842 ,  0.0822168807295 ,  -0.0373171493073 ,  0.5336520412 ,  0.0576304398331 ,  0.0454616860349 ,  0.245519285902 ,  0.235652212892 ,  0.382424026164 ,  0.256669926574 ,  0.189464082619 ,  0.276797751082 ,  0.155617563603 ,  0.16965784305 ,  -0.131098283729 ,  0.148890647275 ,  0.139501793837 ,  -0.0270063581456 ,  0.237810613791
