WORDS  , ACCLAIM , ACCLAIM , ACCUSATION , ACCUSE , BELITTLE , BELITTLING , BLAME , BLAST , CASTIGATE , CENSURE , CENSURE , CHARGE , CHARGE , CITE , COMMENDABLE , COMMENDATION , COMMEND , CONDEMNATION , CONDEMN , CRITICAL , CRITICISM , CRITICIZE , CRITIC , CRITIQUE , CRITIQUE , DAMN , DECRY , DENIGRATE , DENIGRATION , DENOUNCE , DENUNCIATION , DERIDE , DERISION , DISPARAGE , DISPARAGING , DUMP , EXCORIATE , EXCORIATION , EXTOL , HAIL , HARANGUE , HARANGUE , KUDOS , LAUDABLE , LAUDATORY , LAUD , MOCKING , MOCK , PIN , PRAISE , PRAISE , RAVE , RECRIMINATION , RIDICULE , RIDICULE , RIP , SCATHING , SCOFF , SLAM , TOUT
ACCLAIM ,  1.0 ,  1.0 ,  0.164434362997 ,  0.00646740804585 ,  0.045174773919 ,  -0.0364453984511 ,  0.152504353087 ,  0.0814751571495 ,  0.0349010162301 ,  0.175251114761 ,  0.175251114761 ,  0.0770693612428 ,  0.0770693612428 ,  0.0107373712133 ,  -0.107298604901 ,  0.315679139159 ,  0.0835785244142 ,  0.277753013082 ,  -0.0303708854934 ,  -0.104494864959 ,  0.25208493828 ,  -0.00504443596512 ,  0.0947315243793 ,  0.199425665255 ,  0.199425665255 ,  -0.0632239123462 ,  0.0306156949977 ,  0.0246147749212 ,  0.177725934514 ,  -0.0494309436295 ,  0.217664638545 ,  0.083812491274 ,  0.359607811402 ,  0.00477799304892 ,  -0.05675674831 ,  -0.0253504488339 ,  0.0812295985477 ,  0.15652356946 ,  0.0805553134563 ,  0.0940641540425 ,  0.172778674845 ,  0.172778674845 ,  0.327997558315 ,  -0.171507177953 ,  -0.0966632941318 ,  0.0223577782967 ,  -0.0231877748721 ,  -0.0784164570116 ,  0.0307459561356 ,  0.311048453952 ,  0.311048453952 ,  0.116927950284 ,  0.245130195038 ,  0.315976266157 ,  0.315976266157 ,  0.0411378012305 ,  -0.0052681414098 ,  0.105773093182 ,  -0.00882761828444 ,  0.0128998618442
ACCLAIM ,  1.0 ,  1.0 ,  0.164434362997 ,  0.00646740804585 ,  0.045174773919 ,  -0.0364453984511 ,  0.152504353087 ,  0.0814751571495 ,  0.0349010162301 ,  0.175251114761 ,  0.175251114761 ,  0.0770693612428 ,  0.0770693612428 ,  0.0107373712133 ,  -0.107298604901 ,  0.315679139159 ,  0.0835785244142 ,  0.277753013082 ,  -0.0303708854934 ,  -0.104494864959 ,  0.25208493828 ,  -0.00504443596512 ,  0.0947315243793 ,  0.199425665255 ,  0.199425665255 ,  -0.0632239123462 ,  0.0306156949977 ,  0.0246147749212 ,  0.177725934514 ,  -0.0494309436295 ,  0.217664638545 ,  0.083812491274 ,  0.359607811402 ,  0.00477799304892 ,  -0.05675674831 ,  -0.0253504488339 ,  0.0812295985477 ,  0.15652356946 ,  0.0805553134563 ,  0.0940641540425 ,  0.172778674845 ,  0.172778674845 ,  0.327997558315 ,  -0.171507177953 ,  -0.0966632941318 ,  0.0223577782967 ,  -0.0231877748721 ,  -0.0784164570116 ,  0.0307459561356 ,  0.311048453952 ,  0.311048453952 ,  0.116927950284 ,  0.245130195038 ,  0.315976266157 ,  0.315976266157 ,  0.0411378012305 ,  -0.0052681414098 ,  0.105773093182 ,  -0.00882761828444 ,  0.0128998618442
ACCUSATION ,  0.164434362997 ,  0.164434362997 ,  1.0 ,  0.162393780314 ,  0.0839971095394 ,  0.011846930602 ,  0.221840672871 ,  0.275227881903 ,  0.0658509321141 ,  0.201046851852 ,  0.201046851852 ,  0.368311613921 ,  0.368311613921 ,  0.121680366563 ,  -0.0376108267934 ,  0.193482602162 ,  0.0667602948819 ,  0.472017622059 ,  0.185367954927 ,  -0.00970066518202 ,  0.461449997252 ,  0.132777807594 ,  0.156785018132 ,  0.383074611495 ,  0.383074611495 ,  -0.0150984336651 ,  0.151735528953 ,  0.068282972081 ,  0.167015218258 ,  0.161424050504 ,  0.378121244223 ,  0.116091452308 ,  0.328515889934 ,  0.0476014642796 ,  -0.0328570775914 ,  0.067116394318 ,  0.0508892206294 ,  0.11580589071 ,  0.0910807032267 ,  0.134262118328 ,  0.278334875488 ,  0.278334875488 ,  0.185514526307 ,  -0.110005736109 ,  -0.0572268857949 ,  -0.0171175950792 ,  -0.0132458723224 ,  0.0196165416113 ,  0.120563724629 ,  0.239895434077 ,  0.239895434077 ,  0.0494042074576 ,  0.314972060373 ,  0.21648089727 ,  0.21648089727 ,  0.000920248300414 ,  0.0167541368179 ,  0.217419182137 ,  0.0749562082915 ,  0.00188478121948
ACCUSE ,  0.00646740804585 ,  0.00646740804585 ,  0.162393780314 ,  1.0 ,  0.274607298776 ,  0.290689155349 ,  0.378311947736 ,  0.061858660093 ,  0.299712157463 ,  0.19960307864 ,  0.19960307864 ,  0.216725775174 ,  0.216725775174 ,  0.253691674116 ,  -5.33183525323e-05 ,  -0.0129813606916 ,  0.346132170669 ,  0.0792702570365 ,  0.331132567029 ,  0.109896149915 ,  0.166818693492 ,  0.442451994427 ,  0.0620351406248 ,  0.0897776436299 ,  0.0897776436299 ,  0.0109874482859 ,  0.267452978961 ,  0.349164522198 ,  0.0639944339102 ,  0.367733570834 ,  0.0657806583301 ,  0.276536259361 ,  0.0174711091427 ,  0.357292659389 ,  0.0866546895144 ,  0.127587701137 ,  0.235081368161 ,  0.0299532713654 ,  0.174321795798 ,  0.0497066881952 ,  0.139966748664 ,  0.139966748664 ,  -0.0130485957651 ,  -0.00479217192441 ,  0.0177486820039 ,  0.301204246267 ,  0.232688027418 ,  0.123963794569 ,  0.0508642853942 ,  0.244970002533 ,  0.244970002533 ,  -0.0297997776165 ,  0.00302110067165 ,  0.261117218705 ,  0.261117218705 ,  0.0184044005467 ,  0.0236447014407 ,  0.0376841597404 ,  0.0260287507488 ,  0.257368412526
BELITTLE ,  0.045174773919 ,  0.045174773919 ,  0.0839971095394 ,  0.274607298776 ,  1.0 ,  0.597429650964 ,  0.19315289216 ,  0.0955066456788 ,  0.502470453546 ,  0.187902751746 ,  0.187902751746 ,  0.0790828996805 ,  0.0790828996805 ,  0.271010759441 ,  0.0700372372936 ,  0.0386011852849 ,  0.351891792912 ,  0.107844539075 ,  0.3685994484 ,  -0.0117122359762 ,  0.0517129326063 ,  0.326850780417 ,  -0.0410351995798 ,  0.281115399231 ,  0.281115399231 ,  0.112047367168 ,  0.538542014011 ,  0.624521792194 ,  0.0690218389896 ,  0.448078196798 ,  0.0930545859711 ,  0.488396835167 ,  0.109326637092 ,  0.598358758947 ,  0.268593875398 ,  0.162468549957 ,  0.526445601758 ,  -0.0388544967555 ,  0.619272257695 ,  0.0975897030374 ,  0.300799203245 ,  0.300799203245 ,  0.0398897905829 ,  0.150307088924 ,  0.104097623665 ,  0.57255339091 ,  0.479622783862 ,  0.241731352911 ,  0.0412429720071 ,  0.269411133321 ,  0.269411133321 ,  -0.0590287568823 ,  -0.0153468625045 ,  0.387299202512 ,  0.387299202512 ,  0.0450350698557 ,  0.107816063536 ,  0.0576109270669 ,  0.0627081038516 ,  0.387697670126
BELITTLING ,  -0.0364453984511 ,  -0.0364453984511 ,  0.011846930602 ,  0.290689155349 ,  0.597429650964 ,  1.0 ,  0.153203985269 ,  0.0253271414109 ,  0.535673694994 ,  0.194990579015 ,  0.194990579015 ,  0.0390244856731 ,  0.0390244856731 ,  0.189450622261 ,  0.115161246653 ,  -0.0423416444842 ,  0.332937427077 ,  -0.0112412555249 ,  0.310431504806 ,  0.00815597772806 ,  -0.0427442243189 ,  0.293439567368 ,  -0.0859165022625 ,  0.173145805657 ,  0.173145805657 ,  0.0456598403431 ,  0.403094379387 ,  0.579594024068 ,  -0.00510545933902 ,  0.397959962136 ,  -0.00289172970931 ,  0.480358260662 ,  -0.0402715882267 ,  0.577372907295 ,  0.349750622926 ,  0.154686862211 ,  0.56629731788 ,  -0.075731671918 ,  0.572602534235 ,  0.0939782548842 ,  0.316573544632 ,  0.316573544632 ,  0.0220758401718 ,  0.164975045757 ,  0.137760855855 ,  0.612849052229 ,  0.564961946009 ,  0.22310182469 ,  0.033910690483 ,  0.187191244445 ,  0.187191244445 ,  -0.0794735524286 ,  -0.106904938742 ,  0.317846733069 ,  0.317846733069 ,  0.0918211469074 ,  0.142069274549 ,  -0.0187639856021 ,  0.0678366247619 ,  0.368136241487
BLAME ,  0.152504353087 ,  0.152504353087 ,  0.221840672871 ,  0.378311947736 ,  0.19315289216 ,  0.153203985269 ,  1.0 ,  0.154043945899 ,  0.218420096292 ,  0.198623208967 ,  0.198623208967 ,  0.348571162082 ,  0.348571162082 ,  0.227533123139 ,  -0.082395577483 ,  0.122458935318 ,  0.356436424867 ,  0.215843017389 ,  0.282763271347 ,  0.0413529115081 ,  0.344588189785 ,  0.416605571696 ,  0.0733694588144 ,  0.206091902705 ,  0.206091902705 ,  0.0708541423408 ,  0.241683072014 ,  0.205129505749 ,  0.0688811000622 ,  0.27583445201 ,  0.149148131204 ,  0.230422432952 ,  0.140440533884 ,  0.2160353397 ,  -0.0384518987382 ,  0.176290155427 ,  0.186628927953 ,  0.0262213292715 ,  0.12907913215 ,  0.117578079674 ,  0.154720985 ,  0.154720985 ,  0.136128259486 ,  -0.0661446467389 ,  -0.0828491597638 ,  0.177370235119 ,  0.0703451306641 ,  0.065884117092 ,  0.116708289664 ,  0.465787031057 ,  0.465787031057 ,  -0.0585017167747 ,  0.138876488282 ,  0.345443898696 ,  0.345443898696 ,  0.0528332388649 ,  -0.0385453421841 ,  0.0706302409053 ,  0.0759265377155 ,  0.199441537936
BLAST ,  0.0814751571495 ,  0.0814751571495 ,  0.275227881903 ,  0.061858660093 ,  0.0955066456788 ,  0.0253271414109 ,  0.154043945899 ,  1.0 ,  0.0162587005561 ,  0.090379689396 ,  0.090379689396 ,  0.259201329354 ,  0.259201329354 ,  0.108719636591 ,  -0.104861592122 ,  0.0396151744988 ,  0.0522325276955 ,  0.203691971954 ,  0.0543102666867 ,  -0.0486649930282 ,  0.234443318024 ,  0.0223977456672 ,  0.0786803393707 ,  0.227145140171 ,  0.227145140171 ,  -0.00663611562291 ,  0.0323296695964 ,  0.0108261065194 ,  0.0223077609115 ,  0.0417794513779 ,  0.129834955119 ,  0.0945609608781 ,  0.0978262019286 ,  0.0159408389554 ,  -0.0551973259615 ,  0.274135162408 ,  0.137996420188 ,  0.114404086675 ,  0.0139066216366 ,  0.181396806979 ,  0.212796090626 ,  0.212796090626 ,  0.0847778118509 ,  -0.132383535924 ,  -0.0350046890612 ,  0.00930388720565 ,  -0.055203551162 ,  0.079566772556 ,  0.162127642155 ,  0.167826946734 ,  0.167826946734 ,  0.0843181265853 ,  0.127903937141 ,  0.116337124003 ,  0.116337124003 ,  0.160310042961 ,  -0.0689876316147 ,  0.0511300574992 ,  0.171641782022 ,  0.013751249534
CASTIGATE ,  0.0349010162301 ,  0.0349010162301 ,  0.0658509321141 ,  0.299712157463 ,  0.502470453546 ,  0.535673694994 ,  0.218420096292 ,  0.0162587005561 ,  1.0 ,  0.238833279305 ,  0.238833279305 ,  0.0741334080048 ,  0.0741334080048 ,  0.133812783071 ,  0.0533077732287 ,  0.0353012545057 ,  0.400437902257 ,  0.0409421693137 ,  0.28371603688 ,  -0.0202259772326 ,  0.0445984919523 ,  0.311790617869 ,  -0.00400677080735 ,  0.192279037414 ,  0.192279037414 ,  0.0527157618876 ,  0.30049087778 ,  0.505311729354 ,  0.0199080451095 ,  0.353523132887 ,  0.0369274487943 ,  0.42196804135 ,  0.0340098243264 ,  0.509250042355 ,  0.218212765735 ,  0.138992655505 ,  0.472682177676 ,  -0.0814857498201 ,  0.410472002803 ,  0.102455118537 ,  0.32170565285 ,  0.32170565285 ,  0.0443313402815 ,  0.053158275869 ,  0.0805253567488 ,  0.510039255741 ,  0.372283573842 ,  0.1522986097 ,  0.00689049464232 ,  0.234875394161 ,  0.234875394161 ,  -0.10747259548 ,  -0.0883547720491 ,  0.308001841662 ,  0.308001841662 ,  0.0146929662679 ,  0.0865402874045 ,  -0.0124944008737 ,  0.0669746876539 ,  0.277313563167
CENSURE ,  0.175251114761 ,  0.175251114761 ,  0.201046851852 ,  0.19960307864 ,  0.187902751746 ,  0.194990579015 ,  0.198623208967 ,  0.090379689396 ,  0.238833279305 ,  1.0 ,  1.0 ,  0.110358967183 ,  0.110358967183 ,  0.0173774455054 ,  0.0317715010092 ,  0.188291684359 ,  0.234715757753 ,  0.314180428846 ,  0.0848923232473 ,  -0.0539079354799 ,  0.176747672023 ,  0.150497650586 ,  0.0531233888558 ,  0.307396722782 ,  0.307396722782 ,  -0.037154175041 ,  0.0945758916236 ,  0.175444981901 ,  0.209674785735 ,  0.215412295872 ,  0.308784149561 ,  0.19013801709 ,  0.246385973563 ,  0.172704857522 ,  0.144561005698 ,  0.00322194973739 ,  0.21819561146 ,  0.0795791097098 ,  0.131235660504 ,  0.0867959917484 ,  0.239793115193 ,  0.239793115193 ,  0.187802921501 ,  0.0943880351392 ,  0.0135578492215 ,  0.166131892553 ,  0.143491876058 ,  0.0704278441734 ,  0.0448590566185 ,  0.263529584464 ,  0.263529584464 ,  -0.0182645515879 ,  0.266800014561 ,  0.364022846495 ,  0.364022846495 ,  0.0606922455181 ,  0.0501664558523 ,  0.0945772796811 ,  0.0377590117979 ,  0.0255695915323
CENSURE ,  0.175251114761 ,  0.175251114761 ,  0.201046851852 ,  0.19960307864 ,  0.187902751746 ,  0.194990579015 ,  0.198623208967 ,  0.090379689396 ,  0.238833279305 ,  1.0 ,  1.0 ,  0.110358967183 ,  0.110358967183 ,  0.0173774455054 ,  0.0317715010092 ,  0.188291684359 ,  0.234715757753 ,  0.314180428846 ,  0.0848923232473 ,  -0.0539079354799 ,  0.176747672023 ,  0.150497650586 ,  0.0531233888558 ,  0.307396722782 ,  0.307396722782 ,  -0.037154175041 ,  0.0945758916236 ,  0.175444981901 ,  0.209674785735 ,  0.215412295872 ,  0.308784149561 ,  0.19013801709 ,  0.246385973563 ,  0.172704857522 ,  0.144561005698 ,  0.00322194973739 ,  0.21819561146 ,  0.0795791097098 ,  0.131235660504 ,  0.0867959917484 ,  0.239793115193 ,  0.239793115193 ,  0.187802921501 ,  0.0943880351392 ,  0.0135578492215 ,  0.166131892553 ,  0.143491876058 ,  0.0704278441734 ,  0.0448590566185 ,  0.263529584464 ,  0.263529584464 ,  -0.0182645515879 ,  0.266800014561 ,  0.364022846495 ,  0.364022846495 ,  0.0606922455181 ,  0.0501664558523 ,  0.0945772796811 ,  0.0377590117979 ,  0.0255695915323
CHARGE ,  0.0770693612428 ,  0.0770693612428 ,  0.368311613921 ,  0.216725775174 ,  0.0790828996805 ,  0.0390244856731 ,  0.348571162082 ,  0.259201329354 ,  0.0741334080048 ,  0.110358967183 ,  0.110358967183 ,  1.0 ,  1.0 ,  0.158873387356 ,  -0.0774609822115 ,  0.135638908836 ,  0.177827698765 ,  0.222436473316 ,  0.157922963351 ,  0.0616721246933 ,  0.350924353366 ,  0.229272606615 ,  0.147539558296 ,  0.24702487099 ,  0.24702487099 ,  -0.0366623010604 ,  0.0936372381036 ,  0.0914235796849 ,  0.102556421206 ,  0.126630682487 ,  0.182749973763 ,  0.11968466146 ,  0.103155509707 ,  0.10039941801 ,  -0.0431168042029 ,  0.210959646371 ,  0.124549063436 ,  0.062561379848 ,  0.0367243257532 ,  0.0740295574296 ,  0.156322726383 ,  0.156322726383 ,  0.0776963451656 ,  -0.101865939424 ,  -0.0656254252676 ,  0.0445231302262 ,  -0.040665967489 ,  -0.0273818160116 ,  0.10130219007 ,  0.288773772668 ,  0.288773772668 ,  -0.0282207109365 ,  0.108560054453 ,  0.193533190274 ,  0.193533190274 ,  -0.00207774343772 ,  -0.0561966845533 ,  0.0353960691449 ,  0.111371712339 ,  0.153297932824
CHARGE ,  0.0770693612428 ,  0.0770693612428 ,  0.368311613921 ,  0.216725775174 ,  0.0790828996805 ,  0.0390244856731 ,  0.348571162082 ,  0.259201329354 ,  0.0741334080048 ,  0.110358967183 ,  0.110358967183 ,  1.0 ,  1.0 ,  0.158873387356 ,  -0.0774609822115 ,  0.135638908836 ,  0.177827698765 ,  0.222436473316 ,  0.157922963351 ,  0.0616721246933 ,  0.350924353366 ,  0.229272606615 ,  0.147539558296 ,  0.24702487099 ,  0.24702487099 ,  -0.0366623010604 ,  0.0936372381036 ,  0.0914235796849 ,  0.102556421206 ,  0.126630682487 ,  0.182749973763 ,  0.11968466146 ,  0.103155509707 ,  0.10039941801 ,  -0.0431168042029 ,  0.210959646371 ,  0.124549063436 ,  0.062561379848 ,  0.0367243257532 ,  0.0740295574296 ,  0.156322726383 ,  0.156322726383 ,  0.0776963451656 ,  -0.101865939424 ,  -0.0656254252676 ,  0.0445231302262 ,  -0.040665967489 ,  -0.0273818160116 ,  0.10130219007 ,  0.288773772668 ,  0.288773772668 ,  -0.0282207109365 ,  0.108560054453 ,  0.193533190274 ,  0.193533190274 ,  -0.00207774343772 ,  -0.0561966845533 ,  0.0353960691449 ,  0.111371712339 ,  0.153297932824
CITE ,  0.0107373712133 ,  0.0107373712133 ,  0.121680366563 ,  0.253691674116 ,  0.271010759441 ,  0.189450622261 ,  0.227533123139 ,  0.108719636591 ,  0.133812783071 ,  0.0173774455054 ,  0.0173774455054 ,  0.158873387356 ,  0.158873387356 ,  1.0 ,  -0.02242401757 ,  0.054789229404 ,  0.183472329077 ,  0.113976173541 ,  0.442752295817 ,  0.102285634154 ,  0.133841262064 ,  0.442245671168 ,  0.0607481299174 ,  0.139950084853 ,  0.139950084853 ,  -0.0256620041148 ,  0.424482381657 ,  0.274236204912 ,  0.0150479210581 ,  0.480646048524 ,  0.0581224502511 ,  0.350497126814 ,  -0.0254901408965 ,  0.262273575511 ,  0.134702507264 ,  0.116936344116 ,  0.183401138853 ,  0.0040555001162 ,  0.181780265866 ,  0.119630334867 ,  0.0715062423067 ,  0.0715062423067 ,  0.0304754405953 ,  0.0101012930852 ,  0.0851068551514 ,  0.215466722923 ,  0.242077822273 ,  0.11228652412 ,  0.114668461127 ,  0.194300089194 ,  0.194300089194 ,  0.0479103836298 ,  -0.0238023924893 ,  0.149464695869 ,  0.149464695869 ,  0.0421036912072 ,  0.137158819891 ,  0.0364945123816 ,  -0.00968852977965 ,  0.382892406256
COMMENDABLE ,  -0.107298604901 ,  -0.107298604901 ,  -0.0376108267934 ,  -5.33183525323e-05 ,  0.0700372372936 ,  0.115161246653 ,  -0.082395577483 ,  -0.104861592122 ,  0.0533077732287 ,  0.0317715010092 ,  0.0317715010092 ,  -0.0774609822115 ,  -0.0774609822115 ,  -0.02242401757 ,  1.0 ,  0.00543798510218 ,  -0.039369062656 ,  -0.0353193573063 ,  0.00639461269676 ,  0.260494795133 ,  -0.0579591088326 ,  0.0311423695346 ,  -0.00133471776364 ,  -0.00808186611532 ,  -0.00808186611532 ,  0.0867532184732 ,  0.129276485157 ,  0.076389760276 ,  -0.024324478121 ,  0.094645222028 ,  -0.0530558039561 ,  0.0594363059747 ,  -0.0443096436688 ,  0.0569116527447 ,  0.363384547264 ,  -0.107533458543 ,  0.00988902775689 ,  -0.0693727735321 ,  0.04898017611 ,  -0.118282275743 ,  -0.0917262609268 ,  -0.0917262609268 ,  -3.33689535507e-05 ,  0.611002806067 ,  0.498040963159 ,  0.0623080986644 ,  0.199152675584 ,  0.141684239262 ,  -0.0292358586737 ,  -0.0657995259045 ,  -0.0657995259045 ,  0.120176105366 ,  -0.0529437435321 ,  -0.0238592274147 ,  -0.0238592274147 ,  -0.0654410793208 ,  0.404727992763 ,  0.140956260314 ,  0.0556071818034 ,  0.0231281419218
COMMENDATION ,  0.315679139159 ,  0.315679139159 ,  0.193482602162 ,  -0.0129813606916 ,  0.0386011852849 ,  -0.0423416444842 ,  0.122458935318 ,  0.0396151744988 ,  0.0353012545057 ,  0.188291684359 ,  0.188291684359 ,  0.135638908836 ,  0.135638908836 ,  0.054789229404 ,  0.00543798510218 ,  1.0 ,  0.0948271647112 ,  0.238843081654 ,  -0.020267211573 ,  -0.0124600412906 ,  0.194254053616 ,  -0.000757436654726 ,  0.0759952663418 ,  0.259462941346 ,  0.259462941346 ,  -0.0316770371061 ,  -0.0239692453092 ,  -0.0259452354957 ,  0.251705668793 ,  -0.0259968028886 ,  0.319918130112 ,  0.0259652488924 ,  0.333295363146 ,  0.00393117945447 ,  0.00187233761811 ,  -0.0548096571036 ,  0.0643114582466 ,  0.144598989278 ,  0.0327211274555 ,  0.0302503465313 ,  0.231184567122 ,  0.231184567122 ,  0.356754701606 ,  -0.0350009780497 ,  -0.0179472312382 ,  0.0105009861754 ,  -0.0257714356392 ,  -0.071883245414 ,  0.0505940848409 ,  0.260587061741 ,  0.260587061741 ,  0.127887436398 ,  0.265401899497 ,  0.218293305887 ,  0.218293305887 ,  0.0236794464742 ,  -0.0064800244819 ,  0.109058420535 ,  0.0293910911031 ,  -0.0324528908507
COMMEND ,  0.0835785244142 ,  0.0835785244142 ,  0.0667602948819 ,  0.346132170669 ,  0.351891792912 ,  0.332937427077 ,  0.356436424867 ,  0.0522325276955 ,  0.400437902257 ,  0.234715757753 ,  0.234715757753 ,  0.177827698765 ,  0.177827698765 ,  0.183472329077 ,  -0.039369062656 ,  0.0948271647112 ,  1.0 ,  0.101562086331 ,  0.26753706614 ,  0.0441671495707 ,  0.102817480037 ,  0.404959184553 ,  0.0892522472182 ,  0.195890850681 ,  0.195890850681 ,  -0.00196215751241 ,  0.25657357034 ,  0.415562118088 ,  0.0165837475639 ,  0.314570563735 ,  0.108590567493 ,  0.363940530882 ,  0.0632828646088 ,  0.400125350108 ,  0.119207061037 ,  0.162173867851 ,  0.307950191527 ,  -0.0460607025888 ,  0.267278981229 ,  0.0874185117923 ,  0.188528210539 ,  0.188528210539 ,  0.177403487167 ,  -0.00161845777015 ,  -0.00726037316914 ,  0.389418858787 ,  0.236198127042 ,  0.147413528691 ,  0.0658133857601 ,  0.383493249686 ,  0.383493249686 ,  -0.0175381316532 ,  -0.0039437310105 ,  0.33428383828 ,  0.33428383828 ,  0.0195715770408 ,  0.0538329745215 ,  0.083937371165 ,  0.054182548065 ,  0.309457878195
CONDEMNATION ,  0.277753013082 ,  0.277753013082 ,  0.472017622059 ,  0.0792702570365 ,  0.107844539075 ,  -0.0112412555249 ,  0.215843017389 ,  0.203691971954 ,  0.0409421693137 ,  0.314180428846 ,  0.314180428846 ,  0.222436473316 ,  0.222436473316 ,  0.113976173541 ,  -0.0353193573063 ,  0.238843081654 ,  0.101562086331 ,  1.0 ,  0.148447991028 ,  0.0712177521557 ,  0.542445536105 ,  0.0956403906214 ,  0.196075163137 ,  0.513693645626 ,  0.513693645626 ,  -0.0486917146217 ,  0.139340284417 ,  0.0444959839791 ,  0.374782119494 ,  0.153640434921 ,  0.591397472016 ,  0.109533100223 ,  0.493133602352 ,  0.026551864779 ,  0.0804020958336 ,  0.00462352941096 ,  0.028857581494 ,  0.169222661101 ,  0.111961360736 ,  0.151045394616 ,  0.223812861093 ,  0.223812861093 ,  0.271966559502 ,  -0.0658757280533 ,  0.0552366305299 ,  -0.00845308497529 ,  0.113828291692 ,  0.0316346595562 ,  0.0485721295869 ,  0.345411085215 ,  0.345411085215 ,  0.0864013699232 ,  0.412640982931 ,  0.335680193553 ,  0.335680193553 ,  0.0372796675941 ,  0.0900714243009 ,  0.20726388122 ,  0.0506805669545 ,  -0.0226811419447
CONDEMN ,  -0.0303708854934 ,  -0.0303708854934 ,  0.185367954927 ,  0.331132567029 ,  0.3685994484 ,  0.310431504806 ,  0.282763271347 ,  0.0543102666867 ,  0.28371603688 ,  0.0848923232473 ,  0.0848923232473 ,  0.157922963351 ,  0.157922963351 ,  0.442752295817 ,  0.00639461269676 ,  -0.020267211573 ,  0.26753706614 ,  0.148447991028 ,  1.0 ,  0.0710694828243 ,  0.130600592984 ,  0.650576283271 ,  -0.000709523057212 ,  0.0874199569882 ,  0.0874199569882 ,  0.0846713538913 ,  0.489828497061 ,  0.376227248158 ,  0.00544875388439 ,  0.654363440335 ,  0.0763572442771 ,  0.360669394434 ,  0.0153411675826 ,  0.329291006453 ,  0.0990291479344 ,  0.140923524671 ,  0.249695266621 ,  -0.0562709411207 ,  0.265244617623 ,  0.106390644156 ,  0.18901143878 ,  0.18901143878 ,  0.0523341927002 ,  0.0589420594582 ,  0.0531246683804 ,  0.275142809692 ,  0.309671339841 ,  0.170495454448 ,  -0.00829951513915 ,  0.224381934445 ,  0.224381934445 ,  -0.0393167055457 ,  0.025234790062 ,  0.2354233082 ,  0.2354233082 ,  -0.00679951824558 ,  0.0888343280141 ,  0.0462900693705 ,  0.0298054808064 ,  0.294015661044
CRITICAL ,  -0.104494864959 ,  -0.104494864959 ,  -0.00970066518202 ,  0.109896149915 ,  -0.0117122359762 ,  0.00815597772806 ,  0.0413529115081 ,  -0.0486649930282 ,  -0.0202259772326 ,  -0.0539079354799 ,  -0.0539079354799 ,  0.0616721246933 ,  0.0616721246933 ,  0.102285634154 ,  0.260494795133 ,  -0.0124600412906 ,  0.0441671495707 ,  0.0712177521557 ,  0.0710694828243 ,  1.0 ,  0.112174847458 ,  0.124790622819 ,  0.10057548515 ,  0.0918929429298 ,  0.0918929429298 ,  0.0571021920059 ,  0.0506968525117 ,  0.0334793573968 ,  0.0458880187195 ,  0.03649382497 ,  0.0592986868455 ,  0.0215732781785 ,  0.0216441902647 ,  0.00451345367976 ,  0.221715411501 ,  -0.0299943423252 ,  -0.0247787235414 ,  0.0168782008625 ,  -0.0500813305412 ,  -0.0386791054124 ,  -0.141146406717 ,  -0.141146406717 ,  0.0380302238901 ,  0.221969832222 ,  0.273926662466 ,  -0.0276932731715 ,  0.072685618651 ,  0.114716533616 ,  0.00101554440826 ,  0.0145994408164 ,  0.0145994408164 ,  0.040212892906 ,  -0.0154690450577 ,  -0.0517150882172 ,  -0.0517150882172 ,  -0.0415463876905 ,  0.214875195671 ,  0.0413818901545 ,  0.040722472377 ,  0.0672203405894
CRITICISM ,  0.25208493828 ,  0.25208493828 ,  0.461449997252 ,  0.166818693492 ,  0.0517129326063 ,  -0.0427442243189 ,  0.344588189785 ,  0.234443318024 ,  0.0445984919523 ,  0.176747672023 ,  0.176747672023 ,  0.350924353366 ,  0.350924353366 ,  0.133841262064 ,  -0.0579591088326 ,  0.194254053616 ,  0.102817480037 ,  0.542445536105 ,  0.130600592984 ,  0.112174847458 ,  1.0 ,  0.213230655012 ,  0.249924555883 ,  0.411516130239 ,  0.411516130239 ,  -0.0453202017122 ,  0.0775556067837 ,  0.00968456692236 ,  0.24160600676 ,  0.158461161519 ,  0.379736585846 ,  0.0609156316648 ,  0.365108371743 ,  0.026235833533 ,  -0.00493771312007 ,  0.0121121994832 ,  0.0201452897222 ,  0.0889445197032 ,  0.0389604762668 ,  0.0640042718482 ,  0.140562545539 ,  0.140562545539 ,  0.230908653953 ,  -0.121207889753 ,  0.00709123730857 ,  -0.0447114729253 ,  0.00998047903792 ,  -0.0389728128254 ,  0.0485991872345 ,  0.404139409344 ,  0.404139409344 ,  0.0219001479031 ,  0.27931650277 ,  0.27686742542 ,  0.27686742542 ,  -0.0153217697546 ,  0.0374397363139 ,  0.157238465339 ,  0.0297184712439 ,  0.0793346903581
CRITICIZE ,  -0.00504443596512 ,  -0.00504443596512 ,  0.132777807594 ,  0.442451994427 ,  0.326850780417 ,  0.293439567368 ,  0.416605571696 ,  0.0223977456672 ,  0.311790617869 ,  0.150497650586 ,  0.150497650586 ,  0.229272606615 ,  0.229272606615 ,  0.442245671168 ,  0.0311423695346 ,  -0.000757436654726 ,  0.404959184553 ,  0.0956403906214 ,  0.650576283271 ,  0.124790622819 ,  0.213230655012 ,  1.0 ,  0.116056283 ,  0.156953622324 ,  0.156953622324 ,  0.0753762837697 ,  0.388278978023 ,  0.410380356998 ,  0.00956526383507 ,  0.608769591897 ,  0.0709563721972 ,  0.362329761141 ,  0.00258149550739 ,  0.407096319205 ,  0.111754821577 ,  0.157025877871 ,  0.245709386537 ,  -0.0831040701482 ,  0.237841609608 ,  0.0315065063426 ,  0.150273320474 ,  0.150273320474 ,  0.085591190105 ,  0.0755247151001 ,  0.101435428853 ,  0.296715975264 ,  0.292528142158 ,  0.136042266501 ,  -4.15525158385e-05 ,  0.357373893663 ,  0.357373893663 ,  -0.0323515629081 ,  -0.000291144877141 ,  0.248053824096 ,  0.248053824096 ,  0.00010174133031 ,  0.11704552042 ,  0.0909451133364 ,  -0.00970085345337 ,  0.417702468397
CRITIC ,  0.0947315243793 ,  0.0947315243793 ,  0.156785018132 ,  0.0620351406248 ,  -0.0410351995798 ,  -0.0859165022625 ,  0.0733694588144 ,  0.0786803393707 ,  -0.00400677080735 ,  0.0531233888558 ,  0.0531233888558 ,  0.147539558296 ,  0.147539558296 ,  0.0607481299174 ,  -0.00133471776364 ,  0.0759952663418 ,  0.0892522472182 ,  0.196075163137 ,  -0.000709523057212 ,  0.10057548515 ,  0.249924555883 ,  0.116056283 ,  1.0 ,  0.244588456002 ,  0.244588456002 ,  0.0121267807623 ,  -0.0278588815908 ,  -0.00606209836266 ,  0.129411270837 ,  0.0537695021693 ,  0.174172228488 ,  -0.00738932770354 ,  0.0929068646879 ,  0.00567652812391 ,  0.0300080884055 ,  -0.00650330470447 ,  -0.0390189705996 ,  0.0367292121704 ,  -0.0568050110264 ,  -0.0397994549655 ,  0.0519496389351 ,  0.0519496389351 ,  0.0190468502758 ,  -0.0576752249616 ,  0.027667703055 ,  -0.12145836821 ,  -0.0034474993187 ,  -0.00933816300209 ,  0.0632350098158 ,  0.094680481237 ,  0.094680481237 ,  0.094111158581 ,  0.0481235526139 ,  -0.00937980163687 ,  -0.00937980163687 ,  -0.0448202283274 ,  0.0728312776389 ,  0.0416344365389 ,  -0.0448280743079 ,  0.0208232186594
CRITIQUE ,  0.199425665255 ,  0.199425665255 ,  0.383074611495 ,  0.0897776436299 ,  0.281115399231 ,  0.173145805657 ,  0.206091902705 ,  0.227145140171 ,  0.192279037414 ,  0.307396722782 ,  0.307396722782 ,  0.24702487099 ,  0.24702487099 ,  0.139950084853 ,  -0.00808186611532 ,  0.259462941346 ,  0.195890850681 ,  0.513693645626 ,  0.0874199569882 ,  0.0918929429298 ,  0.411516130239 ,  0.156953622324 ,  0.244588456002 ,  1.0 ,  1.0 ,  0.01339926513 ,  0.192571570433 ,  0.227266192914 ,  0.403935832775 ,  0.171637257208 ,  0.572345807413 ,  0.232895564781 ,  0.373642152502 ,  0.220887677512 ,  0.14137434775 ,  0.137443494139 ,  0.217440663752 ,  0.12334906456 ,  0.247315565956 ,  0.119351236398 ,  0.315634176832 ,  0.315634176832 ,  0.205205493914 ,  -0.0179696690381 ,  0.0593992489468 ,  0.115691342962 ,  0.200568979323 ,  0.087043442758 ,  0.153084904712 ,  0.369735901973 ,  0.369735901973 ,  0.0791331514374 ,  0.25061232589 ,  0.353511256014 ,  0.353511256014 ,  0.0473488040863 ,  0.0612794404773 ,  0.10884855157 ,  0.110467583208 ,  0.192972129721
CRITIQUE ,  0.199425665255 ,  0.199425665255 ,  0.383074611495 ,  0.0897776436299 ,  0.281115399231 ,  0.173145805657 ,  0.206091902705 ,  0.227145140171 ,  0.192279037414 ,  0.307396722782 ,  0.307396722782 ,  0.24702487099 ,  0.24702487099 ,  0.139950084853 ,  -0.00808186611532 ,  0.259462941346 ,  0.195890850681 ,  0.513693645626 ,  0.0874199569882 ,  0.0918929429298 ,  0.411516130239 ,  0.156953622324 ,  0.244588456002 ,  1.0 ,  1.0 ,  0.01339926513 ,  0.192571570433 ,  0.227266192914 ,  0.403935832775 ,  0.171637257208 ,  0.572345807413 ,  0.232895564781 ,  0.373642152502 ,  0.220887677512 ,  0.14137434775 ,  0.137443494139 ,  0.217440663752 ,  0.12334906456 ,  0.247315565956 ,  0.119351236398 ,  0.315634176832 ,  0.315634176832 ,  0.205205493914 ,  -0.0179696690381 ,  0.0593992489468 ,  0.115691342962 ,  0.200568979323 ,  0.087043442758 ,  0.153084904712 ,  0.369735901973 ,  0.369735901973 ,  0.0791331514374 ,  0.25061232589 ,  0.353511256014 ,  0.353511256014 ,  0.0473488040863 ,  0.0612794404773 ,  0.10884855157 ,  0.110467583208 ,  0.192972129721
DAMN ,  -0.0632239123462 ,  -0.0632239123462 ,  -0.0150984336651 ,  0.0109874482859 ,  0.112047367168 ,  0.0456598403431 ,  0.0708541423408 ,  -0.00663611562291 ,  0.0527157618876 ,  -0.037154175041 ,  -0.037154175041 ,  -0.0366623010604 ,  -0.0366623010604 ,  -0.0256620041148 ,  0.0867532184732 ,  -0.0316770371061 ,  -0.00196215751241 ,  -0.0486917146217 ,  0.0846713538913 ,  0.0571021920059 ,  -0.0453202017122 ,  0.0753762837697 ,  0.0121267807623 ,  0.01339926513 ,  0.01339926513 ,  1.0 ,  0.0386707422712 ,  0.0998053246941 ,  -0.0555724544319 ,  0.0487390529153 ,  -0.0695499776921 ,  0.0172035587183 ,  -0.0313509934805 ,  0.0776735048662 ,  0.0793169220566 ,  0.0681551595896 ,  0.0787686088141 ,  -0.0583450299819 ,  -0.0147322743759 ,  0.0251680722698 ,  0.000165138495829 ,  0.000165138495829 ,  0.0563732819554 ,  0.0513087899296 ,  0.00095562950851 ,  0.0493921147705 ,  0.0573082806823 ,  0.16989054332 ,  -0.000666400498879 ,  0.0801839408296 ,  0.0801839408296 ,  0.022380570418 ,  -0.0745652147317 ,  -0.00102470099232 ,  -0.00102470099232 ,  0.0995957807484 ,  0.0378669112755 ,  0.0187163368273 ,  0.136647706717 ,  0.058491870263
DECRY ,  0.0306156949977 ,  0.0306156949977 ,  0.151735528953 ,  0.267452978961 ,  0.538542014011 ,  0.403094379387 ,  0.241683072014 ,  0.0323296695964 ,  0.30049087778 ,  0.0945758916236 ,  0.0945758916236 ,  0.0936372381036 ,  0.0936372381036 ,  0.424482381657 ,  0.129276485157 ,  -0.0239692453092 ,  0.25657357034 ,  0.139340284417 ,  0.489828497061 ,  0.0506968525117 ,  0.0775556067837 ,  0.388278978023 ,  -0.0278588815908 ,  0.192571570433 ,  0.192571570433 ,  0.0386707422712 ,  1.0 ,  0.517279058476 ,  0.0493988343674 ,  0.596210964788 ,  0.104599659783 ,  0.589023590893 ,  0.0845606738624 ,  0.472119694955 ,  0.230195419601 ,  0.148893609365 ,  0.333762217999 ,  -0.00213533870969 ,  0.543951490488 ,  0.137535198603 ,  0.164467875858 ,  0.164467875858 ,  -0.0178860309996 ,  0.182221546366 ,  0.110611381073 ,  0.422692063467 ,  0.409149872542 ,  0.181897277414 ,  0.0399717614083 ,  0.2017081808 ,  0.2017081808 ,  0.018555711765 ,  0.00796640167166 ,  0.347914107411 ,  0.347914107411 ,  -0.0690054871204 ,  0.13890637978 ,  0.139280413135 ,  -0.0099415512804 ,  0.5258496936
DENIGRATE ,  0.0246147749212 ,  0.0246147749212 ,  0.068282972081 ,  0.349164522198 ,  0.624521792194 ,  0.579594024068 ,  0.205129505749 ,  0.0108261065194 ,  0.505311729354 ,  0.175444981901 ,  0.175444981901 ,  0.0914235796849 ,  0.0914235796849 ,  0.274236204912 ,  0.076389760276 ,  -0.0259452354957 ,  0.415562118088 ,  0.0444959839791 ,  0.376227248158 ,  0.0334793573968 ,  0.00968456692236 ,  0.410380356998 ,  -0.00606209836266 ,  0.227266192914 ,  0.227266192914 ,  0.0998053246941 ,  0.517279058476 ,  1.0 ,  0.0352139394645 ,  0.441993239051 ,  0.0699621656978 ,  0.466020478986 ,  -0.00762487138 ,  0.66715285609 ,  0.303662505234 ,  0.158042513757 ,  0.481448217785 ,  -0.0577514534018 ,  0.552375751358 ,  0.0560452741695 ,  0.258285224886 ,  0.258285224886 ,  0.0216770712621 ,  0.140170698189 ,  0.0659141489698 ,  0.530045418483 ,  0.485572253757 ,  0.248359296399 ,  0.0220014870191 ,  0.256835705613 ,  0.256835705613 ,  -0.0966558632119 ,  -0.091410682454 ,  0.31274962558 ,  0.31274962558 ,  -0.0275967486006 ,  0.0810757492704 ,  0.0111612990209 ,  0.00125352715077 ,  0.461101453077
DENIGRATION ,  0.177725934514 ,  0.177725934514 ,  0.167015218258 ,  0.0639944339102 ,  0.0690218389896 ,  -0.00510545933902 ,  0.0688811000622 ,  0.0223077609115 ,  0.0199080451095 ,  0.209674785735 ,  0.209674785735 ,  0.102556421206 ,  0.102556421206 ,  0.0150479210581 ,  -0.024324478121 ,  0.251705668793 ,  0.0165837475639 ,  0.374782119494 ,  0.00544875388439 ,  0.0458880187195 ,  0.24160600676 ,  0.00956526383507 ,  0.129411270837 ,  0.403935832775 ,  0.403935832775 ,  -0.0555724544319 ,  0.0493988343674 ,  0.0352139394645 ,  1.0 ,  -0.00364835373161 ,  0.602851867573 ,  0.0870398714615 ,  0.493108499884 ,  0.107273195567 ,  0.104799386965 ,  0.0181547475452 ,  0.00964439882654 ,  0.347387873657 ,  0.13039132403 ,  0.0714468425481 ,  0.272352378115 ,  0.272352378115 ,  0.216617139899 ,  -0.00760870021995 ,  0.0996904561457 ,  -0.0113635180236 ,  0.157454728511 ,  -0.0449833990534 ,  0.0235309237616 ,  0.180644587615 ,  0.180644587615 ,  0.0700934287498 ,  0.2867661311 ,  0.279879704298 ,  0.279879704298 ,  0.00385515489388 ,  -0.0684562207907 ,  0.189918141225 ,  -0.0257883102542 ,  0.0110392820836
DENOUNCE ,  -0.0494309436295 ,  -0.0494309436295 ,  0.161424050504 ,  0.367733570834 ,  0.448078196798 ,  0.397959962136 ,  0.27583445201 ,  0.0417794513779 ,  0.353523132887 ,  0.215412295872 ,  0.215412295872 ,  0.126630682487 ,  0.126630682487 ,  0.480646048524 ,  0.094645222028 ,  -0.0259968028886 ,  0.314570563735 ,  0.153640434921 ,  0.654363440335 ,  0.03649382497 ,  0.158461161519 ,  0.608769591897 ,  0.0537695021693 ,  0.171637257208 ,  0.171637257208 ,  0.0487390529153 ,  0.596210964788 ,  0.441993239051 ,  -0.00364835373161 ,  1.0 ,  0.0813147343508 ,  0.532440029368 ,  0.015257502072 ,  0.447103615041 ,  0.207089740472 ,  0.10630350164 ,  0.284241648184 ,  -0.083383165922 ,  0.347883837062 ,  0.144254599229 ,  0.19560227175 ,  0.19560227175 ,  0.00552207917326 ,  0.137469393853 ,  0.129291173238 ,  0.362479227623 ,  0.393688881938 ,  0.179849263096 ,  0.00728077695856 ,  0.2921607764 ,  0.2921607764 ,  -0.0337400439487 ,  0.00595488306162 ,  0.3190308908 ,  0.3190308908 ,  -0.0194983129721 ,  0.189198841267 ,  0.0677361633878 ,  0.0294065736033 ,  0.414847041015
DENUNCIATION ,  0.217664638545 ,  0.217664638545 ,  0.378121244223 ,  0.0657806583301 ,  0.0930545859711 ,  -0.00289172970931 ,  0.149148131204 ,  0.129834955119 ,  0.0369274487943 ,  0.308784149561 ,  0.308784149561 ,  0.182749973763 ,  0.182749973763 ,  0.0581224502511 ,  -0.0530558039561 ,  0.319918130112 ,  0.108590567493 ,  0.591397472016 ,  0.0763572442771 ,  0.0592986868455 ,  0.379736585846 ,  0.0709563721972 ,  0.174172228488 ,  0.572345807413 ,  0.572345807413 ,  -0.0695499776921 ,  0.104599659783 ,  0.0699621656978 ,  0.602851867573 ,  0.0813147343508 ,  1.0 ,  0.107071497391 ,  0.53221511345 ,  0.0829342618926 ,  0.107236621831 ,  0.0435601127974 ,  0.0546130452497 ,  0.256619509114 ,  0.131900992863 ,  0.152210796355 ,  0.321266816669 ,  0.321266816669 ,  0.281322052432 ,  -0.0438829056204 ,  0.0546513966111 ,  -0.00389127093249 ,  0.124266634026 ,  -0.00753977601838 ,  0.0525762883519 ,  0.307593204694 ,  0.307593204694 ,  0.0946697950489 ,  0.382178636489 ,  0.341927715517 ,  0.341927715517 ,  0.00113923971124 ,  0.0272101691277 ,  0.202188233375 ,  0.0286974038025 ,  0.0152212850826
DERIDE ,  0.083812491274 ,  0.083812491274 ,  0.116091452308 ,  0.276536259361 ,  0.488396835167 ,  0.480358260662 ,  0.230422432952 ,  0.0945609608781 ,  0.42196804135 ,  0.19013801709 ,  0.19013801709 ,  0.11968466146 ,  0.11968466146 ,  0.350497126814 ,  0.0594363059747 ,  0.0259652488924 ,  0.363940530882 ,  0.109533100223 ,  0.360669394434 ,  0.0215732781785 ,  0.0609156316648 ,  0.362329761141 ,  -0.00738932770354 ,  0.232895564781 ,  0.232895564781 ,  0.0172035587183 ,  0.589023590893 ,  0.466020478986 ,  0.0870398714615 ,  0.532440029368 ,  0.107071497391 ,  1.0 ,  0.079292373875 ,  0.521209870808 ,  0.267007879495 ,  0.174893956173 ,  0.443517917753 ,  -0.0170371868049 ,  0.463310656745 ,  0.191733633783 ,  0.305163901978 ,  0.305163901978 ,  0.0823778309464 ,  0.124245160338 ,  0.0860106627475 ,  0.465841753884 ,  0.401750722554 ,  0.163185670327 ,  0.0854699941681 ,  0.251860258822 ,  0.251860258822 ,  -0.00874286449596 ,  -0.0101281814106 ,  0.406600388278 ,  0.406600388278 ,  0.0289379688967 ,  0.0663203506071 ,  0.144445346245 ,  0.0948827728649 ,  0.503223743728
DERISION ,  0.359607811402 ,  0.359607811402 ,  0.328515889934 ,  0.0174711091427 ,  0.109326637092 ,  -0.0402715882267 ,  0.140440533884 ,  0.0978262019286 ,  0.0340098243264 ,  0.246385973563 ,  0.246385973563 ,  0.103155509707 ,  0.103155509707 ,  -0.0254901408965 ,  -0.0443096436688 ,  0.333295363146 ,  0.0632828646088 ,  0.493133602352 ,  0.0153411675826 ,  0.0216441902647 ,  0.365108371743 ,  0.00258149550739 ,  0.0929068646879 ,  0.373642152502 ,  0.373642152502 ,  -0.0313509934805 ,  0.0845606738624 ,  -0.00762487138 ,  0.493108499884 ,  0.015257502072 ,  0.53221511345 ,  0.079292373875 ,  1.0 ,  0.0513386521787 ,  0.0620527168352 ,  -0.0273450657434 ,  0.0421405257657 ,  0.259995236603 ,  0.13384890501 ,  0.124802674844 ,  0.353294423299 ,  0.353294423299 ,  0.386616957079 ,  -0.0423930466497 ,  0.0435474774203 ,  -0.0243476572181 ,  0.0906094787941 ,  -0.0462181201899 ,  0.0636959429323 ,  0.283487929734 ,  0.283487929734 ,  0.121444848377 ,  0.426371602616 ,  0.405080665322 ,  0.405080665322 ,  0.0587532773315 ,  0.0517107804578 ,  0.407284214512 ,  0.0350228917515 ,  -0.0677394150568
DISPARAGE ,  0.00477799304892 ,  0.00477799304892 ,  0.0476014642796 ,  0.357292659389 ,  0.598358758947 ,  0.577372907295 ,  0.2160353397 ,  0.0159408389554 ,  0.509250042355 ,  0.172704857522 ,  0.172704857522 ,  0.10039941801 ,  0.10039941801 ,  0.262273575511 ,  0.0569116527447 ,  0.00393117945447 ,  0.400125350108 ,  0.026551864779 ,  0.329291006453 ,  0.00451345367976 ,  0.026235833533 ,  0.407096319205 ,  0.00567652812391 ,  0.220887677512 ,  0.220887677512 ,  0.0776735048662 ,  0.472119694955 ,  0.66715285609 ,  0.107273195567 ,  0.447103615041 ,  0.0829342618926 ,  0.521209870808 ,  0.0513386521787 ,  1.0 ,  0.240287982308 ,  0.168968282407 ,  0.474878762136 ,  -0.0040772828372 ,  0.496348021122 ,  0.0927853403058 ,  0.297143222958 ,  0.297143222958 ,  -0.000568031628689 ,  0.127747102973 ,  0.0404872850437 ,  0.540831057446 ,  0.439185619252 ,  0.217577047566 ,  0.025160277582 ,  0.281623906088 ,  0.281623906088 ,  -0.0713352381266 ,  -0.0859867801764 ,  0.374424527577 ,  0.374424527577 ,  0.00194313838346 ,  0.0330941201807 ,  0.0407014349048 ,  0.0454765867017 ,  0.4071983077
DISPARAGING ,  -0.05675674831 ,  -0.05675674831 ,  -0.0328570775914 ,  0.0866546895144 ,  0.268593875398 ,  0.349750622926 ,  -0.0384518987382 ,  -0.0551973259615 ,  0.218212765735 ,  0.144561005698 ,  0.144561005698 ,  -0.0431168042029 ,  -0.0431168042029 ,  0.134702507264 ,  0.363384547264 ,  0.00187233761811 ,  0.119207061037 ,  0.0804020958336 ,  0.0990291479344 ,  0.221715411501 ,  -0.00493771312007 ,  0.111754821577 ,  0.0300080884055 ,  0.14137434775 ,  0.14137434775 ,  0.0793169220566 ,  0.230195419601 ,  0.303662505234 ,  0.104799386965 ,  0.207089740472 ,  0.107236621831 ,  0.267007879495 ,  0.0620527168352 ,  0.240287982308 ,  1.0 ,  -0.0321126776418 ,  0.212835344951 ,  -0.00544182143434 ,  0.282108188132 ,  0.022126997375 ,  0.0932490030481 ,  0.0932490030481 ,  0.104821386503 ,  0.299220646982 ,  0.429283257869 ,  0.258908557147 ,  0.463406691155 ,  0.150597400989 ,  -0.0125344653902 ,  0.0335215849024 ,  0.0335215849024 ,  0.152995782796 ,  -0.0977041058286 ,  0.121805304006 ,  0.121805304006 ,  -0.0282459698786 ,  0.320197276947 ,  0.0705862098949 ,  0.0503753361891 ,  0.204654150719
