WORDS  , ANNIHILATE , ANNIHILATION , ASSASSINATE , ASSASSINATION , ASSASSIN , BEHEADING , BEHEAD , BUTCHER , BUTCHERY , CARNAGE , CRUCIFIXION , CRUCIFY , DEADLY , DECAPITATE , DECAPITATION , DESTROY , DISPATCH , DROWN , ELIMINATE , EUTHANASIA , EUTHANIZE , EXTERMINATE , EXTERMINATION , FATAL , FATALITY , FRATRICIDE , GENOCIDE , HOLOCAUST , HOMICIDE , IMMOLATION , INFANTICIDE , KILLER , KILLING , KILL , LETHAL , LIQUIDATE , LIQUIDATION , LYNCH , MASSACRE , MASSACRE , MURDERER , MURDER , MURDER , POGROM , SHOOTING , SILENCE , SLAUGHTER , SLAUGHTER , SLAYER , SLAYING , SLAY , SMOTHERING , SMOTHER , STARVE , SUFFOCATE , SUFFOCATION , SUICIDE , SUICIDE , TERMINATE
ANNIHILATE ,  1.0 ,  0.0464667603304 ,  0.314753957033 ,  0.0577991812268 ,  0.0256427458142 ,  0.24332286953 ,  0.574361085594 ,  0.131053155032 ,  0.00985994447371 ,  0.0497001975038 ,  0.12437073415 ,  0.538444354996 ,  0.053160404454 ,  0.667282308984 ,  0.101691908161 ,  0.316423038326 ,  0.148866488375 ,  0.0988519383918 ,  0.205424680896 ,  -0.0935099771764 ,  0.542985950609 ,  0.664487656512 ,  0.0760785464414 ,  -0.0294455010692 ,  -0.0273448517537 ,  0.0097956465042 ,  0.00890790745684 ,  0.0347606353872 ,  -0.0297285902266 ,  -0.027662505455 ,  -0.0620323369248 ,  0.0278712152071 ,  0.213453971324 ,  0.251410713576 ,  -0.00648007528392 ,  0.362948107037 ,  -0.0197132554471 ,  0.0345155573886 ,  0.159046445062 ,  0.159046445062 ,  0.0625338504598 ,  0.0686468584134 ,  0.0686468584134 ,  0.128568152516 ,  0.145163839636 ,  0.10677403313 ,  0.221444974975 ,  0.221444974975 ,  -0.0739913966398 ,  0.16373859325 ,  0.34643872893 ,  0.429676484667 ,  0.488709075509 ,  0.215242680085 ,  0.450010986427 ,  -0.0144722138085 ,  -0.0100297964496 ,  -0.0100297964496 ,  0.229116052267
ANNIHILATION ,  0.0464667603304 ,  1.0 ,  0.0036546698661 ,  0.172425533192 ,  0.139644653626 ,  0.319442208161 ,  0.0152818228479 ,  0.0383994772536 ,  0.475540134442 ,  0.301179714772 ,  0.395958026945 ,  -0.0305243261422 ,  -0.0681865571596 ,  0.0172157327094 ,  0.241724016716 ,  -0.000377886303988 ,  0.115488147101 ,  0.134480471117 ,  -0.0638166803548 ,  0.269167744965 ,  0.00611325351538 ,  0.0784819641515 ,  0.458771068784 ,  -0.0956077536109 ,  0.168270196001 ,  0.406302208318 ,  0.279124025124 ,  0.103802432183 ,  0.138921502822 ,  0.434279030207 ,  0.316836196478 ,  0.0485738086806 ,  0.088136292616 ,  0.0411742631723 ,  -0.0668621861598 ,  -0.00143991080827 ,  0.440774147318 ,  0.0265013743086 ,  0.19057726777 ,  0.19057726777 ,  0.122464411616 ,  0.163066550061 ,  0.163066550061 ,  0.306613818128 ,  0.093495890134 ,  0.251810919215 ,  0.281768016289 ,  0.281768016289 ,  0.154465261891 ,  0.215186101563 ,  -0.00608467126039 ,  -0.094958778293 ,  -0.0268634589011 ,  0.0719629317911 ,  0.149166278838 ,  0.493089336768 ,  0.162578045824 ,  0.162578045824 ,  -0.0743201786283
ASSASSINATE ,  0.314753957033 ,  0.0036546698661 ,  1.0 ,  0.221290296845 ,  0.158567097864 ,  0.206506518841 ,  0.364107069755 ,  0.0163100989203 ,  -0.0407961955616 ,  0.0518928948445 ,  0.0560803422328 ,  0.254696722661 ,  0.0485233886201 ,  0.289853271422 ,  0.0433807525047 ,  0.185266885862 ,  0.21044595562 ,  0.0701616211459 ,  0.113123365822 ,  0.0324211376664 ,  0.187428582943 ,  0.301005095007 ,  0.0182733658541 ,  0.0258896687915 ,  0.0334186959125 ,  0.0213958046551 ,  0.141990277427 ,  0.139986846532 ,  0.0550464042404 ,  -0.0511644061887 ,  -0.0139372373056 ,  0.0500868065488 ,  0.181192118938 ,  0.263277896632 ,  0.0130207886883 ,  0.178713820649 ,  0.0145804081919 ,  0.0985570030108 ,  0.165825338109 ,  0.165825338109 ,  0.185640335674 ,  0.141701031393 ,  0.141701031393 ,  0.106409535503 ,  0.116050720522 ,  0.201161214701 ,  0.0824845769113 ,  0.0824845769113 ,  -0.0528951907687 ,  0.139950225094 ,  0.18138414534 ,  0.0689682514782 ,  0.150195362179 ,  0.190989964454 ,  0.217245708234 ,  -0.104119882771 ,  0.112759614827 ,  0.112759614827 ,  0.214265390207
ASSASSINATION ,  0.0577991812268 ,  0.172425533192 ,  0.221290296845 ,  1.0 ,  0.19796194309 ,  0.229990478812 ,  0.0865289626542 ,  0.0505729919226 ,  0.18708508679 ,  0.261599024814 ,  0.228872920746 ,  0.0388312869393 ,  0.137575865451 ,  0.061419011798 ,  0.222035605097 ,  0.00880764183296 ,  0.157910430367 ,  0.0423015543374 ,  -0.0217454477727 ,  0.178554161838 ,  0.0223335985185 ,  0.0513334342572 ,  0.203549331843 ,  0.0476737328102 ,  0.2150401114 ,  0.107838109827 ,  0.397639205966 ,  0.383821814518 ,  0.336496869563 ,  0.09092517725 ,  0.0503281304547 ,  0.17747966424 ,  0.264730275941 ,  0.102199697412 ,  0.0706849429013 ,  -0.0613247087584 ,  0.132684785329 ,  0.0925648918959 ,  0.446019766015 ,  0.446019766015 ,  0.225447133587 ,  0.46838030815 ,  0.46838030815 ,  0.16865873337 ,  0.319143138968 ,  0.271522648604 ,  0.238902852136 ,  0.238902852136 ,  0.0778607270042 ,  0.364958835051 ,  -0.0313206078053 ,  -0.070185692921 ,  -0.0457730469797 ,  0.0403730941882 ,  0.0520605283329 ,  0.070901021642 ,  0.390113392833 ,  0.390113392833 ,  0.00488716185336
ASSASSIN ,  0.0256427458142 ,  0.139644653626 ,  0.158567097864 ,  0.19796194309 ,  1.0 ,  0.272167113466 ,  0.104107609177 ,  0.155792763998 ,  0.131498952568 ,  0.164872564303 ,  0.201270436589 ,  0.062926200499 ,  0.0085960625248 ,  0.0486995070572 ,  0.0638210641359 ,  -0.0190561718141 ,  0.096881706412 ,  0.105263581521 ,  -0.0484373148983 ,  -0.00879063457929 ,  0.0460495440681 ,  0.0224080527668 ,  0.0649339187528 ,  0.0252315644197 ,  0.225510126096 ,  0.0585865312799 ,  0.190469584395 ,  0.176248747956 ,  0.176531011688 ,  0.104729652054 ,  -0.0136598108678 ,  0.435897271017 ,  0.119991957613 ,  0.0824610336208 ,  -0.00705772326268 ,  -0.0604420801543 ,  0.0106997309025 ,  0.062677505408 ,  0.264059187475 ,  0.264059187475 ,  0.56633542653 ,  0.182122267433 ,  0.182122267433 ,  0.215678812385 ,  0.145183611415 ,  0.19314073922 ,  0.180636631234 ,  0.180636631234 ,  0.29302716412 ,  0.3449437988 ,  0.101033777102 ,  -0.175532444739 ,  -0.0802694575644 ,  0.00913131832649 ,  0.0396457153989 ,  0.0172667798579 ,  0.121657262175 ,  0.121657262175 ,  0.0271376359975
BEHEADING ,  0.24332286953 ,  0.319442208161 ,  0.206506518841 ,  0.229990478812 ,  0.272167113466 ,  1.0 ,  0.356114016329 ,  0.134365871504 ,  0.247629643489 ,  0.105927734642 ,  0.26686950673 ,  0.189208961953 ,  -0.0630654195335 ,  0.276888077402 ,  0.236841149804 ,  0.0565253073814 ,  0.309962401041 ,  0.116474893032 ,  0.004502308622 ,  0.0853414902954 ,  0.213233320644 ,  0.234649065565 ,  0.319738775742 ,  -0.120994116336 ,  0.254997542641 ,  0.179763323659 ,  0.144131899885 ,  0.097061933593 ,  0.184691696604 ,  0.277520928627 ,  0.0539611787714 ,  0.135958818994 ,  0.254462471663 ,  0.146202359239 ,  -0.0643138757165 ,  0.185811510976 ,  0.236274332495 ,  0.030486714045 ,  0.306339600356 ,  0.306339600356 ,  0.178230688575 ,  0.200218122004 ,  0.200218122004 ,  0.264625473062 ,  0.222894722943 ,  0.18498159521 ,  0.310138816932 ,  0.310138816932 ,  0.144743622414 ,  0.498686544438 ,  0.146889238713 ,  0.155158379466 ,  0.168887963658 ,  0.0392716224057 ,  0.204750418718 ,  0.1946054145 ,  0.13533201565 ,  0.13533201565 ,  0.114464731097
BEHEAD ,  0.574361085594 ,  0.0152818228479 ,  0.364107069755 ,  0.0865289626542 ,  0.104107609177 ,  0.356114016329 ,  1.0 ,  0.136616543286 ,  -0.0032151789344 ,  0.0310823297956 ,  0.133508023153 ,  0.509060021463 ,  0.00783431641869 ,  0.620539504927 ,  0.124410421066 ,  0.151886926036 ,  0.193497872681 ,  0.106289013905 ,  0.0788415752812 ,  -0.0635033238397 ,  0.514698544407 ,  0.523840913134 ,  0.0587143156541 ,  -0.0431266385609 ,  0.00121031390177 ,  0.00469812170398 ,  0.0107080761518 ,  0.0312579842884 ,  0.044224070906 ,  -0.0203112876034 ,  -0.0374377089775 ,  0.0221373755756 ,  0.17388492737 ,  0.186831755237 ,  -0.0264431225793 ,  0.302936488666 ,  -0.0403236648742 ,  0.0642469911518 ,  0.156008542587 ,  0.156008542587 ,  0.0734508592023 ,  0.11209074416 ,  0.11209074416 ,  0.135502951418 ,  0.134197671154 ,  0.16502373317 ,  0.194839934906 ,  0.194839934906 ,  0.0428640339535 ,  0.235171048177 ,  0.393411230861 ,  0.383023954449 ,  0.37919282897 ,  0.166906068885 ,  0.415125966875 ,  -0.00407127455275 ,  0.0223528250656 ,  0.0223528250656 ,  0.198695836242
BUTCHER ,  0.131053155032 ,  0.0383994772536 ,  0.0163100989203 ,  0.0505729919226 ,  0.155792763998 ,  0.134365871504 ,  0.136616543286 ,  1.0 ,  0.0438786505205 ,  0.00907357620446 ,  0.0512053628135 ,  0.125092927227 ,  -0.0784425308289 ,  0.147931383286 ,  0.106779752295 ,  0.0290887402972 ,  0.124883822453 ,  0.0820252190628 ,  -0.063157830656 ,  -0.026351989817 ,  0.114786558354 ,  0.115938438501 ,  0.0591450876965 ,  -0.0215695674412 ,  0.027901596174 ,  0.00722312993892 ,  0.0272433747537 ,  0.0816206871456 ,  0.0564470181755 ,  0.059089605221 ,  -0.0313368393634 ,  0.15110892258 ,  0.0310258623638 ,  0.0155837886323 ,  0.01042765653 ,  0.120648088107 ,  0.00428480632301 ,  0.100104040131 ,  0.113281714776 ,  0.113281714776 ,  0.150981157944 ,  0.0629197194969 ,  0.0629197194969 ,  0.11096297401 ,  0.0605935887075 ,  -0.0273878869187 ,  0.231242767013 ,  0.231242767013 ,  0.14172181654 ,  0.141809084032 ,  0.213171796191 ,  0.0318496736762 ,  0.05758861327 ,  0.0504983398119 ,  0.0684333486811 ,  -0.0355117666049 ,  0.0264640351367 ,  0.0264640351367 ,  -0.00628986631741
BUTCHERY ,  0.00985994447371 ,  0.475540134442 ,  -0.0407961955616 ,  0.18708508679 ,  0.131498952568 ,  0.247629643489 ,  -0.0032151789344 ,  0.0438786505205 ,  1.0 ,  0.448093941229 ,  0.460496319247 ,  -0.0154264287118 ,  -0.0452334037223 ,  0.0207627867573 ,  0.194406962681 ,  0.0133627272175 ,  0.0861995444539 ,  0.141849161115 ,  -0.0394613055352 ,  0.219851100253 ,  -0.00131038463006 ,  0.0497516243408 ,  0.330794092205 ,  -0.0982199679432 ,  0.211598389468 ,  0.395822349873 ,  0.356957507679 ,  0.245228363498 ,  0.187524970436 ,  0.388975815458 ,  0.257087762417 ,  0.0781305499888 ,  0.151728043052 ,  0.00999664580813 ,  -0.0741602604546 ,  0.0236456074189 ,  0.336821939303 ,  -0.0337554888235 ,  0.320175791508 ,  0.320175791508 ,  0.101511685358 ,  0.168166079808 ,  0.168166079808 ,  0.354989464025 ,  0.100021286938 ,  0.228743550325 ,  0.338405966467 ,  0.338405966467 ,  0.17517537201 ,  0.250621805823 ,  -0.02105893925 ,  -0.100533177191 ,  -0.0141942738111 ,  0.0494715742259 ,  0.12513211249 ,  0.366859173707 ,  0.13124189364 ,  0.13124189364 ,  -0.0448180855177
CARNAGE ,  0.0497001975038 ,  0.301179714772 ,  0.0518928948445 ,  0.261599024814 ,  0.164872564303 ,  0.105927734642 ,  0.0310823297956 ,  0.00907357620446 ,  0.448093941229 ,  1.0 ,  0.384301688811 ,  -0.0286372587689 ,  0.0711428663252 ,  0.00211070435515 ,  0.104115715693 ,  0.00554113410033 ,  0.0718649239704 ,  0.156934044671 ,  -0.0414080927884 ,  0.192719259229 ,  -0.00989746225455 ,  0.0447619402661 ,  0.14853040671 ,  -0.0212492636876 ,  0.258578848882 ,  0.315074889962 ,  0.54031626993 ,  0.295262195267 ,  0.268572522801 ,  0.231952917153 ,  0.207991635675 ,  0.138196319158 ,  0.214352568652 ,  0.0788961901774 ,  -0.0182380929461 ,  -0.0613323506937 ,  0.234661547849 ,  0.0328315423119 ,  0.437813323046 ,  0.437813323046 ,  0.224072604991 ,  0.285105551681 ,  0.285105551681 ,  0.360749595703 ,  0.220858524061 ,  0.40014363077 ,  0.415537908668 ,  0.415537908668 ,  0.150992953075 ,  0.247279084237 ,  -0.0442930295956 ,  -0.126477483921 ,  -0.0346422889849 ,  0.103253376211 ,  0.164469534153 ,  0.270476848945 ,  0.214586437237 ,  0.214586437237 ,  -0.00350139092052
CRUCIFIXION ,  0.12437073415 ,  0.395958026945 ,  0.0560803422328 ,  0.228872920746 ,  0.201270436589 ,  0.26686950673 ,  0.133508023153 ,  0.0512053628135 ,  0.460496319247 ,  0.384301688811 ,  1.0 ,  0.123620432093 ,  -0.0425253573524 ,  0.122522092125 ,  0.14687903675 ,  0.0320723135453 ,  0.050585875221 ,  0.147769087815 ,  -0.0421337903708 ,  0.219771363297 ,  0.0794382086288 ,  0.191539826775 ,  0.282945088119 ,  -0.13798803646 ,  0.148928877813 ,  0.288206764722 ,  0.330853721672 ,  0.2975115412 ,  0.142281761471 ,  0.255886159189 ,  0.279910706006 ,  0.0978390761706 ,  0.118559119139 ,  0.0632169607549 ,  -0.0905706283295 ,  0.0224985864316 ,  0.189713358938 ,  0.0159018597223 ,  0.277209920725 ,  0.277209920725 ,  0.206979026464 ,  0.174023066733 ,  0.174023066733 ,  0.34774004646 ,  0.0877955511399 ,  0.285247484438 ,  0.279501601974 ,  0.279501601974 ,  0.198713027886 ,  0.263047449827 ,  0.0831147852356 ,  -0.0894097057889 ,  0.131816562493 ,  0.108352401184 ,  0.220690857142 ,  0.332429877268 ,  0.141230138354 ,  0.141230138354 ,  0.0605293651249
CRUCIFY ,  0.538444354996 ,  -0.0305243261422 ,  0.254696722661 ,  0.0388312869393 ,  0.062926200499 ,  0.189208961953 ,  0.509060021463 ,  0.125092927227 ,  -0.0154264287118 ,  -0.0286372587689 ,  0.123620432093 ,  1.0 ,  -0.00331818959997 ,  0.603851013791 ,  0.030769947449 ,  0.221838689712 ,  0.11121100565 ,  0.184814131663 ,  0.157557728763 ,  -0.0805417185745 ,  0.635846186434 ,  0.533356585801 ,  0.010636795652 ,  -0.0252996629661 ,  -0.0452898508386 ,  -0.0332758974394 ,  -0.0532625407808 ,  0.0293309219032 ,  -0.0219634044665 ,  -0.0153332099608 ,  -0.0766052848557 ,  0.0106270026232 ,  0.180055952049 ,  0.194787947175 ,  -0.0443005157128 ,  0.23618078717 ,  -0.101965627799 ,  0.0275560463177 ,  0.108523083135 ,  0.108523083135 ,  0.0727950210017 ,  0.092220920041 ,  0.092220920041 ,  0.0702881334241 ,  0.119925312997 ,  0.128724750804 ,  0.127452010954 ,  0.127452010954 ,  -0.0296478128811 ,  0.186255944398 ,  0.364127978066 ,  0.476571919831 ,  0.474817109865 ,  0.150042275723 ,  0.511566983011 ,  -0.0286748143023 ,  -0.0321410241429 ,  -0.0321410241429 ,  0.244329020859
DEADLY ,  0.053160404454 ,  -0.0681865571596 ,  0.0485233886201 ,  0.137575865451 ,  0.0085960625248 ,  -0.0630654195335 ,  0.00783431641869 ,  -0.0784425308289 ,  -0.0452334037223 ,  0.0711428663252 ,  -0.0425253573524 ,  -0.00331818959997 ,  1.0 ,  0.0206841621321 ,  0.0777802085744 ,  0.196369827233 ,  -0.0277867898877 ,  0.0757500009727 ,  0.20319770924 ,  0.0169502461266 ,  0.0478570037789 ,  0.0823340859425 ,  0.0155808782464 ,  0.58614094116 ,  0.0719970777333 ,  -0.0557818193088 ,  0.130771597598 ,  0.0505095957066 ,  0.0442147256978 ,  -0.168092037605 ,  0.000312523946048 ,  0.20588217016 ,  0.156180179145 ,  0.179361575919 ,  0.512459291995 ,  0.00356953154874 ,  -0.116641678438 ,  -0.0158020494525 ,  0.0931571140673 ,  0.0931571140673 ,  0.0667327794189 ,  0.188412290939 ,  0.188412290939 ,  0.000522359728137 ,  0.12058708424 ,  0.0342808051205 ,  0.0472464217837 ,  0.0472464217837 ,  -0.130253481163 ,  0.000509688411966 ,  -0.0407772640454 ,  0.0363877893361 ,  0.0926152277244 ,  0.0923148153334 ,  0.0404069159729 ,  -0.0168682786383 ,  0.259835346068 ,  0.259835346068 ,  0.0280824107964
DECAPITATE ,  0.667282308984 ,  0.0172157327094 ,  0.289853271422 ,  0.061419011798 ,  0.0486995070572 ,  0.276888077402 ,  0.620539504927 ,  0.147931383286 ,  0.0207627867573 ,  0.00211070435515 ,  0.122522092125 ,  0.603851013791 ,  0.0206841621321 ,  1.0 ,  0.11678523795 ,  0.269544329019 ,  0.122952779879 ,  0.147164954812 ,  0.199112544838 ,  -0.0510079461257 ,  0.628073812964 ,  0.580624680255 ,  0.0725854479845 ,  -0.00791699861549 ,  -0.0161584967315 ,  -0.00841862615531 ,  -0.0241425608666 ,  0.0311028699159 ,  -0.0302851242298 ,  -0.0212889076042 ,  -0.0690715543233 ,  0.0114709549634 ,  0.205491204916 ,  0.216910397853 ,  -0.0371281625437 ,  0.399058287899 ,  -0.0182219789918 ,  0.0275321702792 ,  0.115026332229 ,  0.115026332229 ,  0.0352305106437 ,  0.0819264906339 ,  0.0819264906339 ,  0.116396679867 ,  0.134087437417 ,  0.125246591439 ,  0.163872056569 ,  0.163872056569 ,  -0.0148865230369 ,  0.193334279335 ,  0.421716123257 ,  0.50693612986 ,  0.533852414154 ,  0.186096103291 ,  0.505268626964 ,  -0.0223991472941 ,  -0.0121856065777 ,  -0.0121856065777 ,  0.290767324064
DECAPITATION ,  0.101691908161 ,  0.241724016716 ,  0.0433807525047 ,  0.222035605097 ,  0.0638210641359 ,  0.236841149804 ,  0.124410421066 ,  0.106779752295 ,  0.194406962681 ,  0.104115715693 ,  0.14687903675 ,  0.030769947449 ,  0.0777802085744 ,  0.11678523795 ,  1.0 ,  0.0159255071563 ,  0.0962521143199 ,  -0.0290496528902 ,  -0.0355768534487 ,  0.16904303618 ,  0.0276544367241 ,  -0.00943554328466 ,  0.268046174241 ,  0.073781633021 ,  0.204700523942 ,  0.132526455522 ,  0.133008073905 ,  0.0341942598735 ,  0.12215628468 ,  0.196681199082 ,  0.198674497185 ,  0.0365170821448 ,  0.0403156308802 ,  0.0145787482001 ,  0.108989709723 ,  -0.0120209400848 ,  0.227759285493 ,  0.0593592550218 ,  0.026328854476 ,  0.026328854476 ,  0.0368523322479 ,  0.130789641014 ,  0.130789641014 ,  0.0972096163737 ,  0.0744242924954 ,  0.036260320613 ,  0.0943482284181 ,  0.0943482284181 ,  0.063139904829 ,  0.159196557076 ,  -0.0068104604273 ,  0.0854317151172 ,  0.0522786980744 ,  -0.00271179266215 ,  0.0485284046197 ,  0.182449010563 ,  0.170293518451 ,  0.170293518451 ,  0.0119342725649
DESTROY ,  0.316423038326 ,  -0.000377886303988 ,  0.185266885862 ,  0.00880764183296 ,  -0.0190561718141 ,  0.0565253073814 ,  0.151886926036 ,  0.0290887402972 ,  0.0133627272175 ,  0.00554113410033 ,  0.0320723135453 ,  0.221838689712 ,  0.196369827233 ,  0.269544329019 ,  0.0159255071563 ,  1.0 ,  0.134333668826 ,  0.115431963373 ,  0.61512440784 ,  0.0141141934785 ,  0.256417213617 ,  0.323029674815 ,  0.0454553437717 ,  0.138229010984 ,  0.00274659796273 ,  -0.0123270287005 ,  0.00222502020575 ,  -0.0151688391705 ,  -0.00695874380237 ,  -0.100955719105 ,  -0.0259056966144 ,  0.0751983586427 ,  0.346365916206 ,  0.556870488356 ,  0.0868982880644 ,  0.326706906332 ,  0.0232211467257 ,  -0.00197011374945 ,  0.0680962233965 ,  0.0680962233965 ,  0.0379673534858 ,  0.0591219607817 ,  0.0591219607817 ,  0.0289095359222 ,  0.0901178311388 ,  0.0694243080921 ,  0.122373379042 ,  0.122373379042 ,  -0.114544259241 ,  0.0240698571921 ,  0.147125378296 ,  0.167941756426 ,  0.269493768058 ,  0.178904483465 ,  0.252266302676 ,  -0.0523896040125 ,  0.0281537504914 ,  0.0281537504914 ,  0.253623326772
DISPATCH ,  0.148866488375 ,  0.115488147101 ,  0.21044595562 ,  0.157910430367 ,  0.096881706412 ,  0.309962401041 ,  0.193497872681 ,  0.124883822453 ,  0.0861995444539 ,  0.0718649239704 ,  0.050585875221 ,  0.11121100565 ,  -0.0277867898877 ,  0.122952779879 ,  0.0962521143199 ,  0.134333668826 ,  1.0 ,  0.0353324632008 ,  0.0758004831763 ,  0.0722729122292 ,  0.143415722865 ,  0.115486111828 ,  0.158477918676 ,  0.000539648132735 ,  0.191587997425 ,  0.0877547390021 ,  0.115164023392 ,  0.0866808339189 ,  0.17133199918 ,  0.0895349422146 ,  -0.0186721996983 ,  0.0603611154812 ,  0.22503207777 ,  0.150251117577 ,  -0.0119116721226 ,  0.0894125481009 ,  0.159557306553 ,  0.0665938576737 ,  0.277094432317 ,  0.277094432317 ,  0.0779688259519 ,  0.213337997693 ,  0.213337997693 ,  0.138567107079 ,  0.239953235093 ,  0.182762576932 ,  0.312734591784 ,  0.312734591784 ,  0.0663816583743 ,  0.246832324153 ,  0.0953853320286 ,  0.0426331611282 ,  -0.0110798543129 ,  0.156078946961 ,  0.0866947078827 ,  0.00675397404808 ,  0.108563821725 ,  0.108563821725 ,  0.128134038555
DROWN ,  0.0988519383918 ,  0.134480471117 ,  0.0701616211459 ,  0.0423015543374 ,  0.105263581521 ,  0.116474893032 ,  0.106289013905 ,  0.0820252190628 ,  0.141849161115 ,  0.156934044671 ,  0.147769087815 ,  0.184814131663 ,  0.0757500009727 ,  0.147164954812 ,  -0.0290496528902 ,  0.115431963373 ,  0.0353324632008 ,  1.0 ,  0.0580062889047 ,  0.023616818555 ,  0.21088160954 ,  0.194997580469 ,  0.0602634122499 ,  0.0547959113036 ,  0.131997635363 ,  0.10306428366 ,  0.0552737433636 ,  0.0361146466041 ,  0.0896261324056 ,  0.136141080776 ,  0.0114320502221 ,  0.138174124491 ,  0.15400094414 ,  0.19953865192 ,  0.0347313674232 ,  0.0833866462036 ,  0.0167888186358 ,  -0.0108233394778 ,  0.150483272434 ,  0.150483272434 ,  0.108532065789 ,  0.0969398428684 ,  0.0969398428684 ,  0.0653546301315 ,  0.169405059525 ,  0.118913837689 ,  0.198521864845 ,  0.198521864845 ,  0.0248237057275 ,  0.214099251246 ,  0.0958949140685 ,  0.134797402119 ,  0.102557747591 ,  0.320136693245 ,  0.322776208449 ,  0.1577595421 ,  0.0639162741569 ,  0.0639162741569 ,  0.0669288115135
ELIMINATE ,  0.205424680896 ,  -0.0638166803548 ,  0.113123365822 ,  -0.0217454477727 ,  -0.0484373148983 ,  0.004502308622 ,  0.0788415752812 ,  -0.063157830656 ,  -0.0394613055352 ,  -0.0414080927884 ,  -0.0421337903708 ,  0.157557728763 ,  0.20319770924 ,  0.199112544838 ,  -0.0355768534487 ,  0.61512440784 ,  0.0758004831763 ,  0.0580062889047 ,  1.0 ,  0.00230487935736 ,  0.188359886747 ,  0.231865836859 ,  -0.0224297028197 ,  0.225808651913 ,  0.00818834094568 ,  0.00979300618874 ,  -0.00292725428996 ,  -0.052270998053 ,  -0.00315817402638 ,  -0.0863148910871 ,  -0.0157023898669 ,  0.0653473540879 ,  0.308185510963 ,  0.51627230089 ,  0.0820650923094 ,  0.253551350023 ,  -0.0347491995627 ,  -0.0157942429625 ,  0.023441242413 ,  0.023441242413 ,  0.00365977873491 ,  0.0520464351123 ,  0.0520464351123 ,  0.0565709651647 ,  0.0854497667736 ,  0.0530010030679 ,  0.0314958551876 ,  0.0314958551876 ,  -0.152067266281 ,  -0.0178744071018 ,  0.0991395141066 ,  0.163986746759 ,  0.213042941629 ,  0.137678129315 ,  0.166830596544 ,  -0.0331690599569 ,  0.0215004060853 ,  0.0215004060853 ,  0.27593067977
EUTHANASIA ,  -0.0935099771764 ,  0.269167744965 ,  0.0324211376664 ,  0.178554161838 ,  -0.00879063457929 ,  0.0853414902954 ,  -0.0635033238397 ,  -0.026351989817 ,  0.219851100253 ,  0.192719259229 ,  0.219771363297 ,  -0.0805417185745 ,  0.0169502461266 ,  -0.0510079461257 ,  0.16904303618 ,  0.0141141934785 ,  0.0722729122292 ,  0.023616818555 ,  0.00230487935736 ,  1.0 ,  -0.0421058456417 ,  -0.069085789928 ,  0.401100683967 ,  0.00216288300204 ,  0.197914121564 ,  0.231172717287 ,  0.383250346933 ,  0.167038885487 ,  0.332961443727 ,  0.13275663855 ,  0.430718971031 ,  0.0807662711884 ,  0.0805398905925 ,  0.0392724755672 ,  0.00121016576802 ,  -0.0320089657656 ,  0.320534363457 ,  0.115124376952 ,  0.113025473186 ,  0.113025473186 ,  0.0759493972261 ,  0.26200792432 ,  0.26200792432 ,  0.140019043261 ,  0.0523858655328 ,  0.151178330405 ,  0.211593028134 ,  0.211593028134 ,  0.0486758398201 ,  0.0464152136291 ,  -0.0988763212695 ,  -0.10704292789 ,  -0.1260317057 ,  0.0689127499257 ,  0.0430914930312 ,  0.323257630054 ,  0.254997733613 ,  0.254997733613 ,  0.0240547606097
EUTHANIZE ,  0.542985950609 ,  0.00611325351538 ,  0.187428582943 ,  0.0223335985185 ,  0.0460495440681 ,  0.213233320644 ,  0.514698544407 ,  0.114786558354 ,  -0.00131038463006 ,  -0.00989746225455 ,  0.0794382086288 ,  0.635846186434 ,  0.0478570037789 ,  0.628073812964 ,  0.0276544367241 ,  0.256417213617 ,  0.143415722865 ,  0.21088160954 ,  0.188359886747 ,  -0.0421058456417 ,  1.0 ,  0.529780969996 ,  0.0552188846633 ,  0.0402032024213 ,  -0.0231380012678 ,  -0.0316757163055 ,  -0.0438064515626 ,  0.0194366267304 ,  0.0174313898975 ,  -0.0285885241622 ,  -0.041906906026 ,  0.0693216598528 ,  0.250121391557 ,  0.271401272085 ,  0.0183752702224 ,  0.332220860421 ,  -0.0304450068791 ,  0.056907373799 ,  0.0855119154059 ,  0.0855119154059 ,  0.0376069257903 ,  0.12190495758 ,  0.12190495758 ,  0.0425833123371 ,  0.17447776993 ,  0.135146946482 ,  0.200198156099 ,  0.200198156099 ,  -0.0273462425795 ,  0.194890302433 ,  0.38616889156 ,  0.488524698543 ,  0.468624583477 ,  0.201115303358 ,  0.4838408272 ,  -0.000265897333852 ,  0.0247309327057 ,  0.0247309327057 ,  0.280143028929
EXTERMINATE ,  0.664487656512 ,  0.0784819641515 ,  0.301005095007 ,  0.0513334342572 ,  0.0224080527668 ,  0.234649065565 ,  0.523840913134 ,  0.115938438501 ,  0.0497516243408 ,  0.0447619402661 ,  0.191539826775 ,  0.533356585801 ,  0.0823340859425 ,  0.580624680255 ,  -0.00943554328466 ,  0.323029674815 ,  0.115486111828 ,  0.194997580469 ,  0.231865836859 ,  -0.069085789928 ,  0.529780969996 ,  1.0 ,  0.143111619864 ,  -0.0164706570313 ,  -0.0342711860617 ,  0.0425577437553 ,  0.0401515118564 ,  0.0774203818511 ,  -0.0220009872554 ,  0.00897052201172 ,  -0.121040847072 ,  0.0407504566855 ,  0.239582369201 ,  0.289324198111 ,  0.0133682876909 ,  0.362664058418 ,  -0.0462615040757 ,  0.0384282640914 ,  0.178152916747 ,  0.178152916747 ,  0.0433868820604 ,  0.111580566861 ,  0.111580566861 ,  0.105045332647 ,  0.135765167456 ,  0.13422289066 ,  0.237358897388 ,  0.237358897388 ,  -0.0721486158299 ,  0.14524716292 ,  0.374486350169 ,  0.371459240289 ,  0.53348280667 ,  0.247895137302 ,  0.434887832308 ,  0.0115326747022 ,  -0.014980668231 ,  -0.014980668231 ,  0.192339269448
EXTERMINATION ,  0.0760785464414 ,  0.458771068784 ,  0.0182733658541 ,  0.203549331843 ,  0.0649339187528 ,  0.319738775742 ,  0.0587143156541 ,  0.0591450876965 ,  0.330794092205 ,  0.14853040671 ,  0.282945088119 ,  0.010636795652 ,  0.0155808782464 ,  0.0725854479845 ,  0.268046174241 ,  0.0454553437717 ,  0.158477918676 ,  0.0602634122499 ,  -0.0224297028197 ,  0.401100683967 ,  0.0552188846633 ,  0.143111619864 ,  1.0 ,  -0.0309798543542 ,  0.204467644358 ,  0.245546867865 ,  0.28621780933 ,  0.124423918164 ,  0.201201737967 ,  0.28143536972 ,  0.312570315734 ,  0.0577364042407 ,  0.118065866693 ,  0.0268119999246 ,  0.0052003801496 ,  0.0319875062883 ,  0.320357982394 ,  0.0406934696861 ,  0.221785143519 ,  0.221785143519 ,  0.037769666047 ,  0.195203984598 ,  0.195203984598 ,  0.181194268217 ,  0.11022468997 ,  0.0873098289433 ,  0.348964563374 ,  0.348964563374 ,  0.0669729327456 ,  0.159744534154 ,  -0.00267883665299 ,  0.00690881412322 ,  0.0693347608737 ,  0.0343006183113 ,  0.0865922748066 ,  0.393964977298 ,  0.163919091149 ,  0.163919091149 ,  -0.0204436705386
FATAL ,  -0.0294455010692 ,  -0.0956077536109 ,  0.0258896687915 ,  0.0476737328102 ,  0.0252315644197 ,  -0.120994116336 ,  -0.0431266385609 ,  -0.0215695674412 ,  -0.0982199679432 ,  -0.0212492636876 ,  -0.13798803646 ,  -0.0252996629661 ,  0.58614094116 ,  -0.00791699861549 ,  0.073781633021 ,  0.138229010984 ,  0.000539648132735 ,  0.0547959113036 ,  0.225808651913 ,  0.00216288300204 ,  0.0402032024213 ,  -0.0164706570313 ,  -0.0309798543542 ,  1.0 ,  0.0922807038464 ,  -0.0649544567031 ,  0.0212000426741 ,  -0.0159545910782 ,  0.0461895171286 ,  -0.154128968476 ,  0.0424385009536 ,  0.177670653344 ,  0.0984633184593 ,  0.164931466831 ,  0.431827685383 ,  -0.0200327546951 ,  -0.0621379250522 ,  -0.0106974688496 ,  -0.00913719711466 ,  -0.00913719711466 ,  0.0462460874359 ,  0.122128393907 ,  0.122128393907 ,  -0.0469053915679 ,  0.0995233073228 ,  -0.0458326215876 ,  -0.0167794420968 ,  -0.0167794420968 ,  -0.12291529301 ,  -0.0437101329642 ,  -0.0716994475917 ,  0.0560089588217 ,  0.0373097321127 ,  0.054111007738 ,  -0.00305771869778 ,  -0.0401877600359 ,  0.141562633851 ,  0.141562633851 ,  0.0766247475955
FATALITY ,  -0.0273448517537 ,  0.168270196001 ,  0.0334186959125 ,  0.2150401114 ,  0.225510126096 ,  0.254997542641 ,  0.00121031390177 ,  0.027901596174 ,  0.211598389468 ,  0.258578848882 ,  0.148928877813 ,  -0.0452898508386 ,  0.0719970777333 ,  -0.0161584967315 ,  0.204700523942 ,  0.00274659796273 ,  0.191587997425 ,  0.131997635363 ,  0.00818834094568 ,  0.197914121564 ,  -0.0231380012678 ,  -0.0342711860617 ,  0.204467644358 ,  0.0922807038464 ,  1.0 ,  0.166489276966 ,  0.266341211206 ,  0.19868557327 ,  0.382458122144 ,  0.127614320754 ,  0.0920246537333 ,  0.193403122329 ,  0.131579617407 ,  0.0865888888533 ,  0.0888972327478 ,  -0.00607536951094 ,  0.221212483617 ,  0.0364600880734 ,  0.309229692166 ,  0.309229692166 ,  0.174236943743 ,  0.239455997716 ,  0.239455997716 ,  0.244344402304 ,  0.198840651089 ,  0.123553568782 ,  0.233804291691 ,  0.233804291691 ,  0.125240058668 ,  0.30397478717 ,  -0.0490597795893 ,  -0.0829411741668 ,  -0.0587824313087 ,  0.0483655183237 ,  0.0661207981542 ,  0.178465855024 ,  0.246193621792 ,  0.246193621792 ,  0.0938982182129
FRATRICIDE ,  0.0097956465042 ,  0.406302208318 ,  0.0213958046551 ,  0.107838109827 ,  0.0585865312799 ,  0.179763323659 ,  0.00469812170398 ,  0.00722312993892 ,  0.395822349873 ,  0.315074889962 ,  0.288206764722 ,  -0.0332758974394 ,  -0.0557818193088 ,  -0.00841862615531 ,  0.132526455522 ,  -0.0123270287005 ,  0.0877547390021 ,  0.10306428366 ,  0.00979300618874 ,  0.231172717287 ,  -0.0316757163055 ,  0.0425577437553 ,  0.245546867865 ,  -0.0649544567031 ,  0.166489276966 ,  1.0 ,  0.245889954321 ,  0.125433130618 ,  0.107889789582 ,  0.344935644258 ,  0.239497297085 ,  0.0019505185591 ,  0.0715877481007 ,  0.0376626876402 ,  -0.0699435489631 ,  0.0140666757023 ,  0.278245057634 ,  0.0777640336533 ,  0.187371631514 ,  0.187371631514 ,  0.0580659148047 ,  0.152910439186 ,  0.152910439186 ,  0.348734207306 ,  0.071792671524 ,  0.207461599023 ,  0.189749299969 ,  0.189749299969 ,  0.170130978458 ,  0.124903373942 ,  -0.0425572346356 ,  -0.0939425386032 ,  -0.0233527066179 ,  -0.013672874646 ,  0.0714145983749 ,  0.352675735219 ,  0.126836941933 ,  0.126836941933 ,  -0.018607864874
GENOCIDE ,  0.00890790745684 ,  0.279124025124 ,  0.141990277427 ,  0.397639205966 ,  0.190469584395 ,  0.144131899885 ,  0.0107080761518 ,  0.0272433747537 ,  0.356957507679 ,  0.54031626993 ,  0.330853721672 ,  -0.0532625407808 ,  0.130771597598 ,  -0.0241425608666 ,  0.133008073905 ,  0.00222502020575 ,  0.115164023392 ,  0.0552737433636 ,  -0.00292725428996 ,  0.383250346933 ,  -0.0438064515626 ,  0.0401515118564 ,  0.28621780933 ,  0.0212000426741 ,  0.266341211206 ,  0.245889954321 ,  1.0 ,  0.464685049253 ,  0.426610682195 ,  0.151288146492 ,  0.205324708228 ,  0.178599858038 ,  0.222378929965 ,  0.0844209287501 ,  0.0490292682653 ,  -0.0653660108039 ,  0.275015639462 ,  0.101289935493 ,  0.503260849867 ,  0.503260849867 ,  0.260857104781 ,  0.447447292009 ,  0.447447292009 ,  0.361279352279 ,  0.21544169668 ,  0.329718253616 ,  0.427552443461 ,  0.427552443461 ,  0.0806552341444 ,  0.185741138508 ,  -0.0819831386085 ,  -0.177469211917 ,  -0.100755747513 ,  0.0700098125409 ,  0.0552490621196 ,  0.181206745254 ,  0.326631169494 ,  0.326631169494 ,  -0.0227184655342
HOLOCAUST ,  0.0347606353872 ,  0.103802432183 ,  0.139986846532 ,  0.383821814518 ,  0.176248747956 ,  0.097061933593 ,  0.0312579842884 ,  0.0816206871456 ,  0.245228363498 ,  0.295262195267 ,  0.2975115412 ,  0.0293309219032 ,  0.0505095957066 ,  0.0311028699159 ,  0.0341942598735 ,  -0.0151688391705 ,  0.0866808339189 ,  0.0361146466041 ,  -0.052270998053 ,  0.167038885487 ,  0.0194366267304 ,  0.0774203818511 ,  0.124423918164 ,  -0.0159545910782 ,  0.19868557327 ,  0.125433130618 ,  0.464685049253 ,  1.0 ,  0.29928068606 ,  -0.0022583306255 ,  0.0140492981195 ,  0.131231959379 ,  0.15042019307 ,  -0.00166477134779 ,  0.0320615461541 ,  -0.0554581020502 ,  0.106758114781 ,  0.0354904236256 ,  0.428425998065 ,  0.428425998065 ,  0.186275099464 ,  0.32491412652 ,  0.32491412652 ,  0.23656765491 ,  0.187012785012 ,  0.222871682296 ,  0.27449455042 ,  0.27449455042 ,  0.0972777109384 ,  0.262912376642 ,  0.00995921389535 ,  -0.149029413048 ,  -0.0264978395193 ,  -0.0108298584961 ,  0.0182826794299 ,  0.00265278268775 ,  0.190625051122 ,  0.190625051122 ,  0.0232237308137
HOMICIDE ,  -0.0297285902266 ,  0.138921502822 ,  0.0550464042404 ,  0.336496869563 ,  0.176531011688 ,  0.184691696604 ,  0.044224070906 ,  0.0564470181755 ,  0.187524970436 ,  0.268572522801 ,  0.142281761471 ,  -0.0219634044665 ,  0.0442147256978 ,  -0.0302851242298 ,  0.12215628468 ,  -0.00695874380237 ,  0.17133199918 ,  0.0896261324056 ,  -0.00315817402638 ,  0.332961443727 ,  0.0174313898975 ,  -0.0220009872554 ,  0.201201737967 ,  0.0461895171286 ,  0.382458122144 ,  0.107889789582 ,  0.426610682195 ,  0.29928068606 ,  1.0 ,  0.115078910389 ,  0.158582700144 ,  0.203075888156 ,  0.180535210126 ,  0.0874521742052 ,  0.00685219469059 ,  -0.0250257382855 ,  0.18001130672 ,  0.108460445862 ,  0.342903982748 ,  0.342903982748 ,  0.247609151043 ,  0.498545276905 ,  0.498545276905 ,  0.212755199648 ,  0.2458550092 ,  0.17553859047 ,  0.264881544834 ,  0.264881544834 ,  0.108991591554 ,  0.24962017013 ,  0.000555506729983 ,  -0.131403690664 ,  -0.1166161956 ,  0.0464082182345 ,  0.0254916185877 ,  0.150332032045 ,  0.396810182217 ,  0.396810182217 ,  0.0629404787147
IMMOLATION ,  -0.027662505455 ,  0.434279030207 ,  -0.0511644061887 ,  0.09092517725 ,  0.104729652054 ,  0.277520928627 ,  -0.0203112876034 ,  0.059089605221 ,  0.388975815458 ,  0.231952917153 ,  0.255886159189 ,  -0.0153332099608 ,  -0.168092037605 ,  -0.0212889076042 ,  0.196681199082 ,  -0.100955719105 ,  0.0895349422146 ,  0.136141080776 ,  -0.0863148910871 ,  0.13275663855 ,  -0.0285885241622 ,  0.00897052201172 ,  0.28143536972 ,  -0.154128968476 ,  0.127614320754 ,  0.344935644258 ,  0.151288146492 ,  -0.0022583306255 ,  0.115078910389 ,  1.0 ,  0.224959319147 ,  0.0596770342967 ,  0.073696694009 ,  -0.0204557361097 ,  -0.130865043685 ,  -0.0136229774516 ,  0.262671532247 ,  0.0236569991042 ,  0.1436536037 ,  0.1436536037 ,  0.127914248693 ,  0.104454532299 ,  0.104454532299 ,  0.288686375858 ,  0.0700967897779 ,  0.210587969545 ,  0.172639128445 ,  0.172639128445 ,  0.209599972918 ,  0.18577361862 ,  -0.031019980269 ,  -0.0689469546383 ,  -0.0389349984685 ,  0.00415816797788 ,  0.0855524541894 ,  0.368479878476 ,  0.104355255625 ,  0.104355255625 ,  -0.0400901844073
INFANTICIDE ,  -0.0620323369248 ,  0.316836196478 ,  -0.0139372373056 ,  0.0503281304547 ,  -0.0136598108678 ,  0.0539611787714 ,  -0.0374377089775 ,  -0.0313368393634 ,  0.257087762417 ,  0.207991635675 ,  0.279910706006 ,  -0.0766052848557 ,  0.000312523946048 ,  -0.0690715543233 ,  0.198674497185 ,  -0.0259056966144 ,  -0.0186721996983 ,  0.0114320502221 ,  -0.0157023898669 ,  0.430718971031 ,  -0.041906906026 ,  -0.121040847072 ,  0.312570315734 ,  0.0424385009536 ,  0.0920246537333 ,  0.239497297085 ,  0.205324708228 ,  0.0140492981195 ,  0.158582700144 ,  0.224959319147 ,  1.0 ,  -0.00636926009922 ,  0.0437928916888 ,  0.00905275226973 ,  -0.0100905803136 ,  -0.118220649918 ,  0.304541297354 ,  0.0664948953233 ,  0.0740106617741 ,  0.0740106617741 ,  0.0580547708252 ,  0.128751951418 ,  0.128751951418 ,  0.158638810062 ,  -0.0203807713279 ,  0.129395913548 ,  0.139342419525 ,  0.139342419525 ,  0.158606072564 ,  0.0388814009024 ,  -0.070359665688 ,  -0.0510454681827 ,  -0.0752115065564 ,  0.0185136172037 ,  0.0803222422928 ,  0.411887377856 ,  0.161194259377 ,  0.161194259377 ,  -0.00383302676075
KILLER ,  0.0278712152071 ,  0.0485738086806 ,  0.0500868065488 ,  0.17747966424 ,  0.435897271017 ,  0.135958818994 ,  0.0221373755756 ,  0.15110892258 ,  0.0781305499888 ,  0.138196319158 ,  0.0978390761706 ,  0.0106270026232 ,  0.20588217016 ,  0.0114709549634 ,  0.0365170821448 ,  0.0751983586427 ,  0.0603611154812 ,  0.138174124491 ,  0.0653473540879 ,  0.0807662711884 ,  0.0693216598528 ,  0.0407504566855 ,  0.0577364042407 ,  0.177670653344 ,  0.193403122329 ,  0.0019505185591 ,  0.178599858038 ,  0.131231959379 ,  0.203075888156 ,  0.0596770342967 ,  -0.00636926009922 ,  1.0 ,  0.258172664373 ,  0.210956637783 ,  0.143348659708 ,  -0.0459274256416 ,  -0.00436139602466 ,  0.0815834576946 ,  0.206432170069 ,  0.206432170069 ,  0.567646984066 ,  0.255861173237 ,  0.255861173237 ,  0.0945744571114 ,  0.188050267393 ,  0.126254216575 ,  0.209780677646 ,  0.209780677646 ,  0.153169630066 ,  0.242481228145 ,  0.0417105667221 ,  -0.0443997575717 ,  -0.0265706711128 ,  0.0913017665574 ,  0.0216349435229 ,  0.0320416940292 ,  0.181730572331 ,  0.181730572331 ,  0.0337645158535
KILLING ,  0.213453971324 ,  0.088136292616 ,  0.181192118938 ,  0.264730275941 ,  0.119991957613 ,  0.254462471663 ,  0.17388492737 ,  0.0310258623638 ,  0.151728043052 ,  0.214352568652 ,  0.118559119139 ,  0.180055952049 ,  0.156180179145 ,  0.205491204916 ,  0.0403156308802 ,  0.346365916206 ,  0.22503207777 ,  0.15400094414 ,  0.308185510963 ,  0.0805398905925 ,  0.250121391557 ,  0.239582369201 ,  0.118065866693 ,  0.0984633184593 ,  0.131579617407 ,  0.0715877481007 ,  0.222378929965 ,  0.15042019307 ,  0.180535210126 ,  0.073696694009 ,  0.0437928916888 ,  0.258172664373 ,  1.0 ,  0.529425295126 ,  0.0672494331132 ,  0.11079673663 ,  0.103394970056 ,  0.0422641799618 ,  0.367323530934 ,  0.367323530934 ,  0.180172375292 ,  0.370152415053 ,  0.370152415053 ,  0.131863997255 ,  0.465845168141 ,  0.270975786206 ,  0.356849443211 ,  0.356849443211 ,  -0.00296461216648 ,  0.333018125054 ,  0.109341417929 ,  0.119504829485 ,  0.093447568493 ,  0.160140034358 ,  0.221063906193 ,  0.0524217809642 ,  0.188526842095 ,  0.188526842095 ,  0.119067555448
KILL ,  0.251410713576 ,  0.0411742631723 ,  0.263277896632 ,  0.102199697412 ,  0.0824610336208 ,  0.146202359239 ,  0.186831755237 ,  0.0155837886323 ,  0.00999664580813 ,  0.0788961901774 ,  0.0632169607549 ,  0.194787947175 ,  0.179361575919 ,  0.216910397853 ,  0.0145787482001 ,  0.556870488356 ,  0.150251117577 ,  0.19953865192 ,  0.51627230089 ,  0.0392724755672 ,  0.271401272085 ,  0.289324198111 ,  0.0268119999246 ,  0.164931466831 ,  0.0865888888533 ,  0.0376626876402 ,  0.0844209287501 ,  -0.00166477134779 ,  0.0874521742052 ,  -0.0204557361097 ,  0.00905275226973 ,  0.210956637783 ,  0.529425295126 ,  1.0 ,  0.0768559704196 ,  0.165148759781 ,  0.0685051594785 ,  0.0144249357207 ,  0.157583735361 ,  0.157583735361 ,  0.159657479734 ,  0.178373156586 ,  0.178373156586 ,  0.12771340005 ,  0.253647287962 ,  0.146885643349 ,  0.200216437459 ,  0.200216437459 ,  -0.0805882080109 ,  0.157108626131 ,  0.143145463007 ,  0.117005154659 ,  0.155792064527 ,  0.274350922022 ,  0.279652962032 ,  0.000165149935511 ,  0.0900465759251 ,  0.0900465759251 ,  0.186135561224
LETHAL ,  -0.00648007528392 ,  -0.0668621861598 ,  0.0130207886883 ,  0.0706849429013 ,  -0.00705772326268 ,  -0.0643138757165 ,  -0.0264431225793 ,  0.01042765653 ,  -0.0741602604546 ,  -0.0182380929461 ,  -0.0905706283295 ,  -0.0443005157128 ,  0.512459291995 ,  -0.0371281625437 ,  0.108989709723 ,  0.0868982880644 ,  -0.0119116721226 ,  0.0347313674232 ,  0.0820650923094 ,  0.00121016576802 ,  0.0183752702224 ,  0.0133682876909 ,  0.0052003801496 ,  0.431827685383 ,  0.0888972327478 ,  -0.0699435489631 ,  0.0490292682653 ,  0.0320615461541 ,  0.00685219469059 ,  -0.130865043685 ,  -0.0100905803136 ,  0.143348659708 ,  0.0672494331132 ,  0.0768559704196 ,  1.0 ,  -0.0200174436026 ,  -0.119309859593 ,  -0.000188722887565 ,  0.0118437643741 ,  0.0118437643741 ,  0.0322047374289 ,  0.109514073822 ,  0.109514073822 ,  -0.0526630989965 ,  0.0575170427671 ,  -0.0636462534283 ,  -0.000569276536598 ,  -0.000569276536598 ,  -0.104842118991 ,  -0.00813357315543 ,  -0.0653195706509 ,  0.0524337194856 ,  0.0417548017516 ,  0.0750060724547 ,  -0.0213691574976 ,  -0.00363737388978 ,  0.112558943093 ,  0.112558943093 ,  0.0420852374586
