WORDS  , FAIR , ILLEGAL , ILLICIT , LAWFUL , LEGAL , LEGITIMATE , PERMISSIBLE , PROHIBITED , UNLAWFUL , WRONG , WRONGFUL , WRONGLY
FAIR ,  1.0 ,  0.218530671977 ,  0.0953076081337 ,  0.156940910804 ,  0.223981430923 ,  0.299004226656 ,  0.180161046448 ,  0.0493480625229 ,  0.162001635684 ,  0.258361139672 ,  0.0517187412758 ,  0.0499196602804
ILLEGAL ,  0.218530671977 ,  1.0 ,  0.370614240413 ,  0.328039495132 ,  0.434284605542 ,  0.332536928823 ,  0.32675190044 ,  0.204278287917 ,  0.396633388475 ,  0.271014184354 ,  0.148959549356 ,  0.0464293624141
ILLICIT ,  0.0953076081337 ,  0.370614240413 ,  1.0 ,  0.314924359053 ,  0.196171884891 ,  0.246695411207 ,  0.284575108761 ,  0.181222066764 ,  0.333010741133 ,  0.0987638339105 ,  0.206345658984 ,  0.00699246764764
LAWFUL ,  0.156940910804 ,  0.328039495132 ,  0.314924359053 ,  1.0 ,  0.334317561642 ,  0.419418269014 ,  0.483123065186 ,  0.214515123481 ,  0.516602026702 ,  0.135147126916 ,  0.299377625484 ,  0.0330554288981
LEGAL ,  0.223981430923 ,  0.434284605542 ,  0.196171884891 ,  0.334317561642 ,  1.0 ,  0.410690434291 ,  0.270569518072 ,  0.0829005808414 ,  0.276798183734 ,  0.194289727815 ,  0.158982174563 ,  0.0583496056175
LEGITIMATE ,  0.299004226656 ,  0.332536928823 ,  0.246695411207 ,  0.419418269014 ,  0.410690434291 ,  1.0 ,  0.314687281017 ,  0.166489862018 ,  0.295710582192 ,  0.271623811116 ,  0.226069024806 ,  0.0471130774846
PERMISSIBLE ,  0.180161046448 ,  0.32675190044 ,  0.284575108761 ,  0.483123065186 ,  0.270569518072 ,  0.314687281017 ,  1.0 ,  0.240878602758 ,  0.462406641246 ,  0.157178642165 ,  0.254849735493 ,  0.00609904105362
PROHIBITED ,  0.0493480625229 ,  0.204278287917 ,  0.181222066764 ,  0.214515123481 ,  0.0829005808414 ,  0.166489862018 ,  0.240878602758 ,  1.0 ,  0.174733543822 ,  0.148885843996 ,  0.064724614297 ,  0.00220826263858
UNLAWFUL ,  0.162001635684 ,  0.396633388475 ,  0.333010741133 ,  0.516602026702 ,  0.276798183734 ,  0.295710582192 ,  0.462406641246 ,  0.174733543822 ,  1.0 ,  0.1140682507 ,  0.359165031268 ,  0.0624622960692
WRONG ,  0.258361139672 ,  0.271014184354 ,  0.0987638339105 ,  0.135147126916 ,  0.194289727815 ,  0.271623811116 ,  0.157178642165 ,  0.148885843996 ,  0.1140682507 ,  1.0 ,  -0.00100022464282 ,  0.0111054287865
WRONGFUL ,  0.0517187412758 ,  0.148959549356 ,  0.206345658984 ,  0.299377625484 ,  0.158982174563 ,  0.226069024806 ,  0.254849735493 ,  0.064724614297 ,  0.359165031268 ,  -0.00100022464282 ,  1.0 ,  0.13262940685
WRONGLY ,  0.0499196602804 ,  0.0464293624141 ,  0.00699246764764 ,  0.0330554288981 ,  0.0583496056175 ,  0.0471130774846 ,  0.00609904105362 ,  0.00220826263858 ,  0.0624622960692 ,  0.0111054287865 ,  0.13262940685 ,  1.0
