WORDS  , ABUZZ , BUSTLE , BUSY , BUZZ , FRENETIC , HECTIC , HOPPING , HUM , JUMPING , LIVELY
ABUZZ ,  1.0 ,  0.300471766338 ,  0.102298749278 ,  0.198466849267 ,  0.122437555543 ,  0.109627647093 ,  0.0638244082335 ,  0.128315956829 ,  0.0465342595357 ,  0.155232958155
BUSTLE ,  0.300471766338 ,  1.0 ,  0.0932408224329 ,  0.256175335668 ,  0.0263936941084 ,  0.0886114112331 ,  0.210399889803 ,  0.229167684932 ,  0.13542156244 ,  0.0341955887269
BUSY ,  0.102298749278 ,  0.0932408224329 ,  1.0 ,  0.0722799294152 ,  0.227272955965 ,  0.391038882435 ,  0.0990616777215 ,  0.0562837627955 ,  0.16223563324 ,  0.224975516527
BUZZ ,  0.198466849267 ,  0.256175335668 ,  0.0722799294152 ,  1.0 ,  -0.0391556841706 ,  0.00509843653892 ,  0.187699806319 ,  0.15798845765 ,  0.115962594784 ,  0.0114285031233
FRENETIC ,  0.122437555543 ,  0.0263936941084 ,  0.227272955965 ,  -0.0391556841706 ,  1.0 ,  0.613110119155 ,  0.00279881142303 ,  0.0428506741426 ,  0.0331807289035 ,  0.485767706404
HECTIC ,  0.109627647093 ,  0.0886114112331 ,  0.391038882435 ,  0.00509843653892 ,  0.613110119155 ,  1.0 ,  0.0382408783042 ,  0.0965496144636 ,  0.0956621313996 ,  0.47634849309
HOPPING ,  0.0638244082335 ,  0.210399889803 ,  0.0990616777215 ,  0.187699806319 ,  0.00279881142303 ,  0.0382408783042 ,  1.0 ,  0.15932545822 ,  0.327619809381 ,  0.0368188118069
HUM ,  0.128315956829 ,  0.229167684932 ,  0.0562837627955 ,  0.15798845765 ,  0.0428506741426 ,  0.0965496144636 ,  0.15932545822 ,  1.0 ,  0.159293359665 ,  0.0786080070429
JUMPING ,  0.0465342595357 ,  0.13542156244 ,  0.16223563324 ,  0.115962594784 ,  0.0331807289035 ,  0.0956621313996 ,  0.327619809381 ,  0.159293359665 ,  1.0 ,  0.0830361480771
LIVELY ,  0.155232958155 ,  0.0341955887269 ,  0.224975516527 ,  0.0114285031233 ,  0.485767706404 ,  0.47634849309 ,  0.0368188118069 ,  0.0786080070429 ,  0.0830361480771 ,  1.0
