WORDS  , FORTUITOUS , FORTUNATE , FORTUNATELY , FORTUNE , HAPPY , LUCKILY , LUCK , LUCKY
FORTUITOUS ,  1.0 ,  0.247513082409 ,  0.00862727449103 ,  -0.121877280794 ,  0.201120192026 ,  0.0535785488893 ,  -0.0303895349167 ,  0.183381074876
FORTUNATE ,  0.247513082409 ,  1.0 ,  0.226308164066 ,  0.0321894738358 ,  0.310414441886 ,  0.305824430993 ,  0.0699593437645 ,  0.61011447934
FORTUNATELY ,  0.00862727449103 ,  0.226308164066 ,  1.0 ,  0.108338229805 ,  0.104104882978 ,  0.798723971636 ,  0.129654108399 ,  0.183581148801
FORTUNE ,  -0.121877280794 ,  0.0321894738358 ,  0.108338229805 ,  1.0 ,  0.0623013917892 ,  0.0838914014987 ,  0.204893046727 ,  0.0757938665873
HAPPY ,  0.201120192026 ,  0.310414441886 ,  0.104104882978 ,  0.0623013917892 ,  1.0 ,  0.127451731008 ,  0.189646250238 ,  0.38753456284
LUCKILY ,  0.0535785488893 ,  0.305824430993 ,  0.798723971636 ,  0.0838914014987 ,  0.127451731008 ,  1.0 ,  0.138510458778 ,  0.247545155279
LUCK ,  -0.0303895349167 ,  0.0699593437645 ,  0.129654108399 ,  0.204893046727 ,  0.189646250238 ,  0.138510458778 ,  1.0 ,  0.14715506889
LUCKY ,  0.183381074876 ,  0.61011447934 ,  0.183581148801 ,  0.0757938665873 ,  0.38753456284 ,  0.247545155279 ,  0.14715506889 ,  1.0
