WORDS  , ABSORBED , CAPTIVATED , CURIOUS , ENGROSSED , ENTHRALLED , FASCINATED , INFATUATED , INTERESTED , SMITTEN , SUSPICIOUS , WRAPPED
ABSORBED ,  1.0 ,  0.255835107116 ,  0.0479119566922 ,  0.267407422416 ,  0.241852185543 ,  0.260953885405 ,  0.138474380793 ,  0.193290923046 ,  0.191087500324 ,  0.106734712006 ,  0.197766738362
CAPTIVATED ,  0.255835107116 ,  1.0 ,  0.0802689503877 ,  0.269543887478 ,  0.526801941961 ,  0.525319332373 ,  0.232716297039 ,  0.11397615489 ,  0.345746982209 ,  0.057475022766 ,  0.0470478374671
CURIOUS ,  0.0479119566922 ,  0.0802689503877 ,  1.0 ,  -0.00580017165021 ,  0.104878049476 ,  0.314809446088 ,  -0.0159546108131 ,  0.318909604061 ,  0.0710720825542 ,  0.357732472594 ,  0.107736947436
ENGROSSED ,  0.267407422416 ,  0.269543887478 ,  -0.00580017165021 ,  1.0 ,  0.417245833492 ,  0.243247081425 ,  0.317390120207 ,  0.199336356201 ,  0.262055190303 ,  0.0425322158021 ,  0.178986681208
ENTHRALLED ,  0.241852185543 ,  0.526801941961 ,  0.104878049476 ,  0.417245833492 ,  1.0 ,  0.50019215555 ,  0.528989687778 ,  0.115491149426 ,  0.526715858707 ,  0.105150882073 ,  0.110956762936
FASCINATED ,  0.260953885405 ,  0.525319332373 ,  0.314809446088 ,  0.243247081425 ,  0.50019215555 ,  1.0 ,  0.286294379899 ,  0.334894982524 ,  0.318777869296 ,  0.14017233651 ,  0.102767495605
INFATUATED ,  0.138474380793 ,  0.232716297039 ,  -0.0159546108131 ,  0.317390120207 ,  0.528989687778 ,  0.286294379899 ,  1.0 ,  0.0917646720421 ,  0.590487042247 ,  -0.00811539391125 ,  0.149168978561
INTERESTED ,  0.193290923046 ,  0.11397615489 ,  0.318909604061 ,  0.199336356201 ,  0.115491149426 ,  0.334894982524 ,  0.0917646720421 ,  1.0 ,  0.0949375167574 ,  0.176566650733 ,  0.159416611997
SMITTEN ,  0.191087500324 ,  0.345746982209 ,  0.0710720825542 ,  0.262055190303 ,  0.526715858707 ,  0.318777869296 ,  0.590487042247 ,  0.0949375167574 ,  1.0 ,  0.0910607575144 ,  0.085387718179
SUSPICIOUS ,  0.106734712006 ,  0.057475022766 ,  0.357732472594 ,  0.0425322158021 ,  0.105150882073 ,  0.14017233651 ,  -0.00811539391125 ,  0.176566650733 ,  0.0910607575144 ,  1.0 ,  0.118717542378
WRAPPED ,  0.197766738362 ,  0.0470478374671 ,  0.107736947436 ,  0.178986681208 ,  0.110956762936 ,  0.102767495605 ,  0.149168978561 ,  0.159416611997 ,  0.085387718179 ,  0.118717542378 ,  1.0
