WORDS  , ABOMINABLE , ADMIRABLE , COMMENDABLE , CREDITABLE , DEPLORABLE , DESPICABLE , DISHONORABLE , HONORABLE , LAMENTABLE , LAUDABLE , MERITORIOUS , PRAISEWORTHY , REPREHENSIBLE
ABOMINABLE ,  1.0 ,  0.444809748729 ,  0.485199664282 ,  0.285003683318 ,  0.514416336814 ,  0.438564469358 ,  0.43259067656 ,  0.243751619355 ,  0.470234394765 ,  0.400155208584 ,  0.329004369969 ,  0.32747859468 ,  0.415633571883
ADMIRABLE ,  0.444809748729 ,  1.0 ,  0.684967319701 ,  0.333507483812 ,  0.501415831079 ,  0.522255707611 ,  0.379715954005 ,  0.400009826246 ,  0.476214854949 ,  0.59486522064 ,  0.316596272573 ,  0.365238043016 ,  0.550572766853
COMMENDABLE ,  0.485199664282 ,  0.684967319701 ,  1.0 ,  0.438026332964 ,  0.530671176384 ,  0.498186337709 ,  0.48076622572 ,  0.362524296045 ,  0.526111213073 ,  0.611002806067 ,  0.41444829041 ,  0.442210630691 ,  0.569012971776
CREDITABLE ,  0.285003683318 ,  0.333507483812 ,  0.438026332964 ,  1.0 ,  0.322934773 ,  0.288415746945 ,  0.2770644336 ,  0.227628715569 ,  0.280983784134 ,  0.381681059642 ,  0.386312719544 ,  0.248080307874 ,  0.30402642714
DEPLORABLE ,  0.514416336814 ,  0.501415831079 ,  0.530671176384 ,  0.322934773 ,  1.0 ,  0.51116689265 ,  0.409984775597 ,  0.280929011805 ,  0.486498159168 ,  0.468505876706 ,  0.394306867412 ,  0.331460123283 ,  0.551557247337
DESPICABLE ,  0.438564469358 ,  0.522255707611 ,  0.498186337709 ,  0.288415746945 ,  0.51116689265 ,  1.0 ,  0.408154325911 ,  0.349118591591 ,  0.399181799545 ,  0.395277135762 ,  0.308239784784 ,  0.312728154368 ,  0.632787214263
DISHONORABLE ,  0.43259067656 ,  0.379715954005 ,  0.48076622572 ,  0.2770644336 ,  0.409984775597 ,  0.408154325911 ,  1.0 ,  0.415532572294 ,  0.424884600682 ,  0.415561389372 ,  0.345119476621 ,  0.416178546626 ,  0.412462155265
HONORABLE ,  0.243751619355 ,  0.400009826246 ,  0.362524296045 ,  0.227628715569 ,  0.280929011805 ,  0.349118591591 ,  0.415532572294 ,  1.0 ,  0.26454600317 ,  0.277983898074 ,  0.27122887198 ,  0.257463140703 ,  0.318300592002
LAMENTABLE ,  0.470234394765 ,  0.476214854949 ,  0.526111213073 ,  0.280983784134 ,  0.486498159168 ,  0.399181799545 ,  0.424884600682 ,  0.26454600317 ,  1.0 ,  0.488994113822 ,  0.30264130213 ,  0.482219959298 ,  0.439945712627
LAUDABLE ,  0.400155208584 ,  0.59486522064 ,  0.611002806067 ,  0.381681059642 ,  0.468505876706 ,  0.395277135762 ,  0.415561389372 ,  0.277983898074 ,  0.488994113822 ,  1.0 ,  0.363697302206 ,  0.368571930616 ,  0.483945109652
MERITORIOUS ,  0.329004369969 ,  0.316596272573 ,  0.41444829041 ,  0.386312719544 ,  0.394306867412 ,  0.308239784784 ,  0.345119476621 ,  0.27122887198 ,  0.30264130213 ,  0.363697302206 ,  1.0 ,  0.294256141225 ,  0.356238588928
PRAISEWORTHY ,  0.32747859468 ,  0.365238043016 ,  0.442210630691 ,  0.248080307874 ,  0.331460123283 ,  0.312728154368 ,  0.416178546626 ,  0.257463140703 ,  0.482219959298 ,  0.368571930616 ,  0.294256141225 ,  1.0 ,  0.351239246288
REPREHENSIBLE ,  0.415633571883 ,  0.550572766853 ,  0.569012971776 ,  0.30402642714 ,  0.551557247337 ,  0.632787214263 ,  0.412462155265 ,  0.318300592002 ,  0.439945712627 ,  0.483945109652 ,  0.356238588928 ,  0.351239246288 ,  1.0
