WORDS  , DANGER , DANGEROUS , RISK , RISKY , SAFE , SAFELY , THREAT , UNSAFE , WARM
DANGER ,  1.0 ,  0.146643162168 ,  0.451080634325 ,  0.0363755229859 ,  0.120243642421 ,  0.136927701209 ,  0.536912817775 ,  -0.0053438141331 ,  0.0342959237605
DANGEROUS ,  0.146643162168 ,  1.0 ,  0.0903549402659 ,  0.51589896047 ,  0.428529962475 ,  0.016919804504 ,  0.137387610368 ,  0.449073222571 ,  0.292887475065
RISK ,  0.451080634325 ,  0.0903549402659 ,  1.0 ,  0.139944438379 ,  0.137408930344 ,  0.0992555694015 ,  0.422988303616 ,  0.0507157639681 ,  0.0526754783821
RISKY ,  0.0363755229859 ,  0.51589896047 ,  0.139944438379 ,  1.0 ,  0.411699583988 ,  0.015165853743 ,  0.0804603681176 ,  0.417882436838 ,  0.195931666793
SAFE ,  0.120243642421 ,  0.428529962475 ,  0.137408930344 ,  0.411699583988 ,  1.0 ,  0.151081933418 ,  0.123860405714 ,  0.428659244176 ,  0.308696991605
SAFELY ,  0.136927701209 ,  0.016919804504 ,  0.0992555694015 ,  0.015165853743 ,  0.151081933418 ,  1.0 ,  0.110447535444 ,  0.0841601760151 ,  0.00127077751215
THREAT ,  0.536912817775 ,  0.137387610368 ,  0.422988303616 ,  0.0804603681176 ,  0.123860405714 ,  0.110447535444 ,  1.0 ,  0.0440324478348 ,  0.0354926366558
UNSAFE ,  -0.0053438141331 ,  0.449073222571 ,  0.0507157639681 ,  0.417882436838 ,  0.428659244176 ,  0.0841601760151 ,  0.0440324478348 ,  1.0 ,  0.226449662396
WARM ,  0.0342959237605 ,  0.292887475065 ,  0.0526754783821 ,  0.195931666793 ,  0.308696991605 ,  0.00127077751215 ,  0.0354926366558 ,  0.226449662396 ,  1.0
