WORDS  , AFFABLE , AMIABLE , BARBARIC , BOORISH , CHUMMY , CIVIL , COMPASSIONATE , CONSIDERATE , CORDIAL , COURTEOUS , CRUEL , DIPLOMATIC , DISCOURTEOUS , DISRESPECTFUL , FRIENDLY , GENIAL , GOOD , GRACIOUS , HORRIBLE , IMPERTINENT , IMPOLITE , INCONSIDERATE , INSENSITIVE , KIND , MEAN , NICE , PLEASANT , POLITE , RESPECTFUL , RUDE , SMART , SOCIABLE , SPITEFUL , SWEET , TACTFUL , THOUGHTFUL , THOUGHTLESS , UNCIVIL , UNFRIENDLY , UNKIND , WARM
AFFABLE ,  1.0 ,  0.695681366084 ,  0.311245758453 ,  0.378106110697 ,  0.29441622677 ,  0.122003301445 ,  0.470424249906 ,  0.378817373234 ,  0.391244457568 ,  0.490321542031 ,  0.319076918 ,  0.149789112658 ,  0.21690093021 ,  0.24948939844 ,  0.273509320277 ,  0.692180871112 ,  0.180195667602 ,  0.412879845548 ,  0.29355635178 ,  0.19367184416 ,  0.268291344903 ,  0.328083418569 ,  0.300142564101 ,  0.0603896668815 ,  0.0796462985928 ,  0.288880169891 ,  0.357610840484 ,  0.441084001038 ,  0.354474213993 ,  0.304777262567 ,  0.282103931557 ,  0.393901229159 ,  0.386601552226 ,  0.343694663209 ,  0.276049631495 ,  0.496484711398 ,  0.412931485067 ,  0.248346848712 ,  0.276391601163 ,  0.308932764493 ,  0.241782516328
AMIABLE ,  0.695681366084 ,  1.0 ,  0.410567563325 ,  0.475544000685 ,  0.375176228564 ,  0.166619493666 ,  0.511589710063 ,  0.419203165992 ,  0.485339805058 ,  0.523415079649 ,  0.377203460583 ,  0.19522524096 ,  0.278136309567 ,  0.332113628845 ,  0.296001130485 ,  0.72283540409 ,  0.196349476634 ,  0.402632213078 ,  0.345346294983 ,  0.292740724592 ,  0.408285726164 ,  0.410148567654 ,  0.380353890674 ,  0.0183590091402 ,  0.070374414712 ,  0.283097606053 ,  0.389325040617 ,  0.451233853551 ,  0.389277699389 ,  0.377343822836 ,  0.251216708262 ,  0.461801484966 ,  0.474687104483 ,  0.375306755509 ,  0.336610103765 ,  0.516435523184 ,  0.548144045004 ,  0.413765200039 ,  0.440840130806 ,  0.42203241091 ,  0.270660671231
BARBARIC ,  0.311245758453 ,  0.410567563325 ,  1.0 ,  0.47849874396 ,  0.219438974788 ,  0.179954690501 ,  0.386436163641 ,  0.291863073156 ,  0.356212817498 ,  0.426824511928 ,  0.434551392869 ,  0.148067717743 ,  0.222907111875 ,  0.369206117317 ,  0.237026610221 ,  0.346383520445 ,  0.123288058139 ,  0.271156890315 ,  0.445879335961 ,  0.256789812419 ,  0.386005638078 ,  0.338888144949 ,  0.504114661329 ,  0.00989230397384 ,  0.0549230354914 ,  0.152266247793 ,  0.247790685891 ,  0.334400689424 ,  0.337519800599 ,  0.415602172484 ,  0.174129679038 ,  0.287951405963 ,  0.40350518645 ,  0.184050705644 ,  0.310578153786 ,  0.292615716918 ,  0.530288655553 ,  0.398250859144 ,  0.418819845166 ,  0.449532120443 ,  0.16711743212
BOORISH ,  0.378106110697 ,  0.475544000685 ,  0.47849874396 ,  1.0 ,  0.256396912432 ,  0.092544393359 ,  0.34420403478 ,  0.373174750271 ,  0.282606805444 ,  0.416028128771 ,  0.323503478676 ,  0.0725335781063 ,  0.194339230407 ,  0.346378034499 ,  0.152250994005 ,  0.434085832803 ,  0.0841247199722 ,  0.220152378834 ,  0.24761115287 ,  0.253283289694 ,  0.380617784387 ,  0.448080941533 ,  0.402653372927 ,  -0.0460160935657 ,  -0.0180048557076 ,  0.13065908019 ,  0.215272490869 ,  0.27344853807 ,  0.278411182449 ,  0.368466770514 ,  0.161663298805 ,  0.405993504724 ,  0.511627993289 ,  0.219246283689 ,  0.336100132499 ,  0.297873542372 ,  0.601101654049 ,  0.449320717355 ,  0.353584638307 ,  0.414399670292 ,  0.110870159483
CHUMMY ,  0.29441622677 ,  0.375176228564 ,  0.219438974788 ,  0.256396912432 ,  1.0 ,  0.0811978513849 ,  0.311069006781 ,  0.229712025275 ,  0.396293248444 ,  0.356554821351 ,  0.142959274428 ,  0.114396763982 ,  0.204761699806 ,  0.256798279959 ,  0.273455883614 ,  0.392248259542 ,  0.0986927618987 ,  0.236336126321 ,  0.186624442752 ,  0.263474956264 ,  0.230024705996 ,  0.278934950537 ,  0.224436056416 ,  -0.0394688066185 ,  -0.0359494156699 ,  0.130596950254 ,  0.245558535472 ,  0.255795636204 ,  0.218070725604 ,  0.194731286777 ,  0.12573971347 ,  0.30524080776 ,  0.26051032322 ,  0.191323998972 ,  0.30427317236 ,  0.236136291453 ,  0.374662512851 ,  0.339263494729 ,  0.363286993348 ,  0.289989400186 ,  0.220007557813
CIVIL ,  0.122003301445 ,  0.166619493666 ,  0.179954690501 ,  0.092544393359 ,  0.0811978513849 ,  1.0 ,  0.205522828874 ,  0.0557936262388 ,  0.103543140093 ,  0.102002783489 ,  0.235755684949 ,  0.329413215334 ,  0.0648350317606 ,  0.0321661018928 ,  0.137714720121 ,  0.113137953502 ,  0.165513124183 ,  0.109429502824 ,  0.220526779518 ,  0.0570720204488 ,  0.103965233045 ,  0.0499121183585 ,  0.133950598409 ,  0.075676502426 ,  0.0970447876136 ,  0.156272683051 ,  0.155738472763 ,  0.187623846011 ,  0.139598963106 ,  0.12773004571 ,  0.0876508881636 ,  0.0916916503214 ,  0.111399107842 ,  0.160001199005 ,  0.157454000012 ,  0.244060274596 ,  0.131540557901 ,  0.212892782505 ,  0.134725865648 ,  0.103671095452 ,  0.143443021412
COMPASSIONATE ,  0.470424249906 ,  0.511589710063 ,  0.386436163641 ,  0.34420403478 ,  0.311069006781 ,  0.205522828874 ,  1.0 ,  0.397456870564 ,  0.410004881695 ,  0.487155055152 ,  0.383463744445 ,  0.211344799234 ,  0.230015698539 ,  0.322548279257 ,  0.31058792716 ,  0.492620827074 ,  0.220224037929 ,  0.393531005251 ,  0.313316342511 ,  0.25092229882 ,  0.304862185353 ,  0.325233432908 ,  0.402259554678 ,  0.0490072962794 ,  0.0614483534455 ,  0.286472605999 ,  0.381915612942 ,  0.443516571599 ,  0.428937965216 ,  0.360133641804 ,  0.291400528068 ,  0.326326768625 ,  0.353667881557 ,  0.316221747941 ,  0.291437376983 ,  0.520357998289 ,  0.426536454988 ,  0.37703226006 ,  0.335649791674 ,  0.368460214286 ,  0.224526935293
CONSIDERATE ,  0.378817373234 ,  0.419203165992 ,  0.291863073156 ,  0.373174750271 ,  0.229712025275 ,  0.0557936262388 ,  0.397456870564 ,  1.0 ,  0.311104001755 ,  0.485807962254 ,  0.241997932613 ,  0.056500098081 ,  0.299964679751 ,  0.52569878778 ,  0.241776456282 ,  0.375024468487 ,  0.0917861928028 ,  0.39289416837 ,  0.194703536928 ,  0.290485326805 ,  0.318091903236 ,  0.421540347307 ,  0.367088588823 ,  0.0639550219623 ,  -0.00682664994505 ,  0.176727364909 ,  0.237120012922 ,  0.338893337681 ,  0.53070563868 ,  0.330230896704 ,  0.239519772235 ,  0.381522058723 ,  0.402924181625 ,  0.22659983232 ,  0.260227732155 ,  0.403989397892 ,  0.414486649022 ,  0.307375618077 ,  0.351912659786 ,  0.405430371101 ,  0.16633701559
CORDIAL ,  0.391244457568 ,  0.485339805058 ,  0.356212817498 ,  0.282606805444 ,  0.396293248444 ,  0.103543140093 ,  0.410004881695 ,  0.311104001755 ,  1.0 ,  0.526166739163 ,  0.262818761747 ,  0.266778125919 ,  0.260652845373 ,  0.335805540018 ,  0.394178651342 ,  0.431385304252 ,  0.165316508454 ,  0.440558680319 ,  0.240948044188 ,  0.227735539494 ,  0.354329383812 ,  0.313815201847 ,  0.378184698593 ,  0.055956447174 ,  0.0275869983821 ,  0.231012786728 ,  0.36380872294 ,  0.537232183301 ,  0.465936826368 ,  0.381821971126 ,  0.18359401901 ,  0.358214628053 ,  0.319152377699 ,  0.258110840399 ,  0.282367417473 ,  0.41770430526 ,  0.417173266106 ,  0.408649690747 ,  0.415083273891 ,  0.412152865605 ,  0.34246208182
COURTEOUS ,  0.490321542031 ,  0.523415079649 ,  0.426824511928 ,  0.416028128771 ,  0.356554821351 ,  0.102002783489 ,  0.487155055152 ,  0.485807962254 ,  0.526166739163 ,  1.0 ,  0.362617466692 ,  0.11912431895 ,  0.346076655964 ,  0.501474470153 ,  0.374737834195 ,  0.486695193127 ,  0.155842796002 ,  0.476550860429 ,  0.279550324722 ,  0.259770619375 ,  0.39689036535 ,  0.464882476599 ,  0.528322536059 ,  0.0411872314317 ,  0.0406567983767 ,  0.251996445513 ,  0.303872598307 ,  0.51774160147 ,  0.489076059871 ,  0.470176547281 ,  0.274999191688 ,  0.438670432384 ,  0.440485163094 ,  0.250362591272 ,  0.298819163473 ,  0.448814125327 ,  0.492424104636 ,  0.406087068965 ,  0.49337920408 ,  0.514080137171 ,  0.253222359056
CRUEL ,  0.319076918 ,  0.377203460583 ,  0.434551392869 ,  0.323503478676 ,  0.142959274428 ,  0.235755684949 ,  0.383463744445 ,  0.241997932613 ,  0.262818761747 ,  0.362617466692 ,  1.0 ,  0.246631389192 ,  0.225245249469 ,  0.332905825339 ,  0.260901301418 ,  0.335747943882 ,  0.188833466391 ,  0.296989554184 ,  0.4761278929 ,  0.215193150153 ,  0.276927364113 ,  0.25840615464 ,  0.433633497607 ,  0.0901112884087 ,  0.152938918248 ,  0.296248398762 ,  0.334681611442 ,  0.386701016988 ,  0.31839002744 ,  0.449335443392 ,  0.232064330646 ,  0.258617813517 ,  0.297608489684 ,  0.314974839309 ,  0.244217101829 ,  0.358715866362 ,  0.357506894745 ,  0.321928601023 ,  0.30502887218 ,  0.387540367406 ,  0.218395491745
DIPLOMATIC ,  0.149789112658 ,  0.19522524096 ,  0.148067717743 ,  0.0725335781063 ,  0.114396763982 ,  0.329413215334 ,  0.211344799234 ,  0.056500098081 ,  0.266778125919 ,  0.11912431895 ,  0.246631389192 ,  1.0 ,  0.121586645477 ,  0.0718856336766 ,  0.151279751438 ,  0.183340926632 ,  0.185790643907 ,  0.169776924486 ,  0.195014890883 ,  0.143029708755 ,  0.126850884832 ,  0.07516284246 ,  0.126583678706 ,  0.0458093468317 ,  0.035137891397 ,  0.166030003158 ,  0.198885966993 ,  0.245177590615 ,  0.199578680142 ,  0.15921675455 ,  0.095783373154 ,  0.0793396961498 ,  0.112341466685 ,  0.181972510254 ,  0.238766060673 ,  0.261396109254 ,  0.15233346704 ,  0.194196767626 ,  0.150456459373 ,  0.140239931232 ,  0.202158992255
DISCOURTEOUS ,  0.21690093021 ,  0.278136309567 ,  0.222907111875 ,  0.194339230407 ,  0.204761699806 ,  0.0648350317606 ,  0.230015698539 ,  0.299964679751 ,  0.260652845373 ,  0.346076655964 ,  0.225245249469 ,  0.121586645477 ,  1.0 ,  0.37622679179 ,  0.221883411979 ,  0.257702632236 ,  0.102364799827 ,  0.232415532739 ,  0.137782889424 ,  0.222869983187 ,  0.369822895913 ,  0.355304686282 ,  0.365257175023 ,  0.0880421151365 ,  0.0422792266294 ,  0.128609028316 ,  0.154128044555 ,  0.26295689404 ,  0.262398004745 ,  0.246997852761 ,  0.160208942231 ,  0.190890182201 ,  0.225558465658 ,  0.133480033195 ,  0.221992679675 ,  0.245616886413 ,  0.296233510046 ,  0.257968416095 ,  0.283786045446 ,  0.341479794837 ,  0.104042455669
DISRESPECTFUL ,  0.24948939844 ,  0.332113628845 ,  0.369206117317 ,  0.346378034499 ,  0.256798279959 ,  0.0321661018928 ,  0.322548279257 ,  0.52569878778 ,  0.335805540018 ,  0.501474470153 ,  0.332905825339 ,  0.0718856336766 ,  0.37622679179 ,  1.0 ,  0.267529097995 ,  0.271971968419 ,  0.0865234174129 ,  0.359580563781 ,  0.206725728127 ,  0.318038827523 ,  0.47362417787 ,  0.386280908993 ,  0.514000334393 ,  0.0486210819095 ,  0.0115958071696 ,  0.153716497952 ,  0.199997236001 ,  0.376385158143 ,  0.534468510253 ,  0.397708559551 ,  0.13653855506 ,  0.293172210594 ,  0.349324277798 ,  0.167025687282 ,  0.26525290309 ,  0.262888506041 ,  0.39284004179 ,  0.392497337762 ,  0.456017760148 ,  0.505267936383 ,  0.0831879626037
FRIENDLY ,  0.273509320277 ,  0.296001130485 ,  0.237026610221 ,  0.152250994005 ,  0.273455883614 ,  0.137714720121 ,  0.31058792716 ,  0.241776456282 ,  0.394178651342 ,  0.374737834195 ,  0.260901301418 ,  0.151279751438 ,  0.221883411979 ,  0.267529097995 ,  1.0 ,  0.251784382162 ,  0.249575063291 ,  0.330095168404 ,  0.256090817467 ,  0.171779870428 ,  0.21025752986 ,  0.223554171316 ,  0.297346539525 ,  0.144007679477 ,  0.146535957352 ,  0.296026841088 ,  0.294893829727 ,  0.413226809019 ,  0.378419875532 ,  0.277506163609 ,  0.310762506019 ,  0.25591534046 ,  0.20382276072 ,  0.282778977465 ,  0.149605273011 ,  0.316373749145 ,  0.228187426157 ,  0.240494473596 ,  0.46266915918 ,  0.255090207316 ,  0.309038212989
GENIAL ,  0.692180871112 ,  0.72283540409 ,  0.346383520445 ,  0.434085832803 ,  0.392248259542 ,  0.113137953502 ,  0.492620827074 ,  0.375024468487 ,  0.431385304252 ,  0.486695193127 ,  0.335747943882 ,  0.183340926632 ,  0.257702632236 ,  0.271971968419 ,  0.251784382162 ,  1.0 ,  0.168714888364 ,  0.40186834015 ,  0.259591754418 ,  0.252236166939 ,  0.339082103641 ,  0.34879503487 ,  0.33960182312 ,  0.0322435923172 ,  0.0481596222287 ,  0.247098231406 ,  0.350708400729 ,  0.419705407934 ,  0.335319161653 ,  0.324468333638 ,  0.207747314488 ,  0.39273052703 ,  0.433979727485 ,  0.338646924078 ,  0.328974018405 ,  0.483496658916 ,  0.494478808675 ,  0.328361485809 ,  0.337316535541 ,  0.379675174272 ,  0.22922416516
GOOD ,  0.180195667602 ,  0.196349476634 ,  0.123288058139 ,  0.0841247199722 ,  0.0986927618987 ,  0.165513124183 ,  0.220224037929 ,  0.0917861928028 ,  0.165316508454 ,  0.155842796002 ,  0.188833466391 ,  0.185790643907 ,  0.102364799827 ,  0.0865234174129 ,  0.249575063291 ,  0.168714888364 ,  1.0 ,  0.237755757181 ,  0.352482586703 ,  0.125513118497 ,  0.0945888263163 ,  0.108893405471 ,  0.130521488483 ,  0.266307360777 ,  0.246508250865 ,  0.587332554398 ,  0.30464870145 ,  0.245217507364 ,  0.205784385284 ,  0.120414925678 ,  0.296286613365 ,  0.103248504758 ,  0.122821720358 ,  0.261468075358 ,  0.0916422181147 ,  0.276189903041 ,  0.136869241386 ,  0.10449696078 ,  0.150617204222 ,  0.128113240243 ,  0.214217813014
GRACIOUS ,  0.412879845548 ,  0.402632213078 ,  0.271156890315 ,  0.220152378834 ,  0.236336126321 ,  0.109429502824 ,  0.393531005251 ,  0.39289416837 ,  0.440558680319 ,  0.476550860429 ,  0.296989554184 ,  0.169776924486 ,  0.232415532739 ,  0.359580563781 ,  0.330095168404 ,  0.40186834015 ,  0.237755757181 ,  1.0 ,  0.30079377199 ,  0.212659764608 ,  0.289441282393 ,  0.29381022243 ,  0.365178970222 ,  0.144129399059 ,  0.113134983519 ,  0.347662107626 ,  0.345963767273 ,  0.542137961577 ,  0.470144954433 ,  0.406023021042 ,  0.347478801772 ,  0.272542348967 ,  0.258682791486 ,  0.305109061694 ,  0.216380167026 ,  0.499962384523 ,  0.351661914281 ,  0.268788525859 ,  0.343082801876 ,  0.360272299217 ,  0.319360975429
HORRIBLE ,  0.29355635178 ,  0.345346294983 ,  0.445879335961 ,  0.24761115287 ,  0.186624442752 ,  0.220526779518 ,  0.313316342511 ,  0.194703536928 ,  0.240948044188 ,  0.279550324722 ,  0.4761278929 ,  0.195014890883 ,  0.137782889424 ,  0.206725728127 ,  0.256090817467 ,  0.259591754418 ,  0.352482586703 ,  0.30079377199 ,  1.0 ,  0.231901261202 ,  0.235979208202 ,  0.214856409182 ,  0.330615437614 ,  0.159059185672 ,  0.153963163337 ,  0.450322750135 ,  0.419252365921 ,  0.319288334291 ,  0.289439512017 ,  0.321901100188 ,  0.271276990229 ,  0.273879672861 ,  0.247289662627 ,  0.367909812521 ,  0.234066601338 ,  0.321497124271 ,  0.354847772987 ,  0.314426439006 ,  0.298854344161 ,  0.369240054422 ,  0.237582601369
IMPERTINENT ,  0.19367184416 ,  0.292740724592 ,  0.256789812419 ,  0.253283289694 ,  0.263474956264 ,  0.0570720204488 ,  0.25092229882 ,  0.290485326805 ,  0.227735539494 ,  0.259770619375 ,  0.215193150153 ,  0.143029708755 ,  0.222869983187 ,  0.318038827523 ,  0.171779870428 ,  0.252236166939 ,  0.125513118497 ,  0.212659764608 ,  0.231901261202 ,  1.0 ,  0.352368959328 ,  0.290181941132 ,  0.280638026074 ,  -0.0222762969206 ,  0.0458560302706 ,  0.14715155856 ,  0.193168466846 ,  0.276800979511 ,  0.183760683397 ,  0.27470739207 ,  0.160168812978 ,  0.26442353948 ,  0.343021215235 ,  0.174270897242 ,  0.336629753425 ,  0.236558654103 ,  0.335634996802 ,  0.294692447424 ,  0.291051660489 ,  0.363861506545 ,  0.120066744313
IMPOLITE ,  0.268291344903 ,  0.408285726164 ,  0.386005638078 ,  0.380617784387 ,  0.230024705996 ,  0.103965233045 ,  0.304862185353 ,  0.318091903236 ,  0.354329383812 ,  0.39689036535 ,  0.276927364113 ,  0.126850884832 ,  0.369822895913 ,  0.47362417787 ,  0.21025752986 ,  0.339082103641 ,  0.0945888263163 ,  0.289441282393 ,  0.235979208202 ,  0.352368959328 ,  1.0 ,  0.412359674161 ,  0.442954910535 ,  0.0342693504774 ,  0.0263376353744 ,  0.151918752175 ,  0.276086393249 ,  0.356803940951 ,  0.344202574981 ,  0.380124828773 ,  0.170711199463 ,  0.349345646484 ,  0.407692275937 ,  0.195025427016 ,  0.290372297403 ,  0.305763356159 ,  0.482199486013 ,  0.468096685596 ,  0.406962540297 ,  0.545882820891 ,  0.157701468897
INCONSIDERATE ,  0.328083418569 ,  0.410148567654 ,  0.338888144949 ,  0.448080941533 ,  0.278934950537 ,  0.0499121183585 ,  0.325233432908 ,  0.421540347307 ,  0.313815201847 ,  0.464882476599 ,  0.25840615464 ,  0.07516284246 ,  0.355304686282 ,  0.386280908993 ,  0.223554171316 ,  0.34879503487 ,  0.108893405471 ,  0.29381022243 ,  0.214856409182 ,  0.290181941132 ,  0.412359674161 ,  1.0 ,  0.397065651538 ,  -0.0195944744459 ,  0.0479032728567 ,  0.146756390562 ,  0.208388915642 ,  0.298240096739 ,  0.301948586267 ,  0.319273271611 ,  0.204682494585 ,  0.392117200272 ,  0.424462009043 ,  0.195390463581 ,  0.303739169547 ,  0.327597307168 ,  0.482291953676 ,  0.428592205081 ,  0.401335309834 ,  0.427428352973 ,  0.118479103227
INSENSITIVE ,  0.300142564101 ,  0.380353890674 ,  0.504114661329 ,  0.402653372927 ,  0.224436056416 ,  0.133950598409 ,  0.402259554678 ,  0.367088588823 ,  0.378184698593 ,  0.528322536059 ,  0.433633497607 ,  0.126583678706 ,  0.365257175023 ,  0.514000334393 ,  0.297346539525 ,  0.33960182312 ,  0.130521488483 ,  0.365178970222 ,  0.330615437614 ,  0.280638026074 ,  0.442954910535 ,  0.397065651538 ,  1.0 ,  0.0747751445997 ,  0.0511617234732 ,  0.180469780166 ,  0.254073566825 ,  0.404104385013 ,  0.429580404766 ,  0.471144811777 ,  0.243956942331 ,  0.322591629616 ,  0.37830338233 ,  0.214656394625 ,  0.283535251794 ,  0.289076543612 ,  0.496693786632 ,  0.461452915472 ,  0.469669400674 ,  0.563691838041 ,  0.179160153005
KIND ,  0.0603896668815 ,  0.0183590091402 ,  0.00989230397384 ,  -0.0460160935657 ,  -0.0394688066185 ,  0.075676502426 ,  0.0490072962794 ,  0.0639550219623 ,  0.055956447174 ,  0.0411872314317 ,  0.0901112884087 ,  0.0458093468317 ,  0.0880421151365 ,  0.0486210819095 ,  0.144007679477 ,  0.0322435923172 ,  0.266307360777 ,  0.144129399059 ,  0.159059185672 ,  -0.0222762969206 ,  0.0342693504774 ,  -0.0195944744459 ,  0.0747751445997 ,  1.0 ,  0.182254459435 ,  0.233755851218 ,  0.0832381531366 ,  0.130974570111 ,  0.150174919346 ,  0.0283201734532 ,  0.142930520474 ,  0.000356645479699 ,  0.0176250228481 ,  0.116673242755 ,  -0.0580865309488 ,  0.128227498435 ,  -0.0281253749526 ,  -0.027303204949 ,  -0.00157966423196 ,  0.0257449386403 ,  0.107418140649
MEAN ,  0.0796462985928 ,  0.070374414712 ,  0.0549230354914 ,  -0.0180048557076 ,  -0.0359494156699 ,  0.0970447876136 ,  0.0614483534455 ,  -0.00682664994505 ,  0.0275869983821 ,  0.0406567983767 ,  0.152938918248 ,  0.035137891397 ,  0.0422792266294 ,  0.0115958071696 ,  0.146535957352 ,  0.0481596222287 ,  0.246508250865 ,  0.113134983519 ,  0.153963163337 ,  0.0458560302706 ,  0.0263376353744 ,  0.0479032728567 ,  0.0511617234732 ,  0.182254459435 ,  1.0 ,  0.207410720532 ,  0.0876099688993 ,  0.0394763685472 ,  0.0609544712716 ,  0.0457567970808 ,  0.151778339236 ,  0.0445835812198 ,  0.00830319600074 ,  0.0967945908257 ,  0.0164726555326 ,  0.0952723269179 ,  0.0141653930742 ,  0.0575904801816 ,  0.0524733054184 ,  -0.00544571646749 ,  0.119170233812
NICE ,  0.288880169891 ,  0.283097606053 ,  0.152266247793 ,  0.13065908019 ,  0.130596950254 ,  0.156272683051 ,  0.286472605999 ,  0.176727364909 ,  0.231012786728 ,  0.251996445513 ,  0.296248398762 ,  0.166030003158 ,  0.128609028316 ,  0.153716497952 ,  0.296026841088 ,  0.247098231406 ,  0.587332554398 ,  0.347662107626 ,  0.450322750135 ,  0.14715155856 ,  0.151918752175 ,  0.146756390562 ,  0.180469780166 ,  0.233755851218 ,  0.207410720532 ,  1.0 ,  0.438846817845 ,  0.354835663258 ,  0.277649530134 ,  0.248299964998 ,  0.341018501622 ,  0.172819692013 ,  0.13899708945 ,  0.419096939523 ,  0.106050981651 ,  0.343486033007 ,  0.208989088364 ,  0.166832360706 ,  0.17959547408 ,  0.21889766337 ,  0.305963027063
PLEASANT ,  0.357610840484 ,  0.389325040617 ,  0.247790685891 ,  0.215272490869 ,  0.245558535472 ,  0.155738472763 ,  0.381915612942 ,  0.237120012922 ,  0.36380872294 ,  0.303872598307 ,  0.334681611442 ,  0.198885966993 ,  0.154128044555 ,  0.199997236001 ,  0.294893829727 ,  0.350708400729 ,  0.30464870145 ,  0.345963767273 ,  0.419252365921 ,  0.193168466846 ,  0.276086393249 ,  0.208388915642 ,  0.254073566825 ,  0.0832381531366 ,  0.0876099688993 ,  0.438846817845 ,  1.0 ,  0.355550620043 ,  0.273468794752 ,  0.327370549287 ,  0.190051516234 ,  0.283680825714 ,  0.195241620337 ,  0.392019275587 ,  0.202960732678 ,  0.340460142166 ,  0.301529327026 ,  0.266943508608 ,  0.321592663903 ,  0.318012509743 ,  0.357206671116
POLITE ,  0.441084001038 ,  0.451233853551 ,  0.334400689424 ,  0.27344853807 ,  0.255795636204 ,  0.187623846011 ,  0.443516571599 ,  0.338893337681 ,  0.537232183301 ,  0.51774160147 ,  0.386701016988 ,  0.245177590615 ,  0.26295689404 ,  0.376385158143 ,  0.413226809019 ,  0.419705407934 ,  0.245217507364 ,  0.542137961577 ,  0.319288334291 ,  0.276800979511 ,  0.356803940951 ,  0.298240096739 ,  0.404104385013 ,  0.130974570111 ,  0.0394763685472 ,  0.354835663258 ,  0.355550620043 ,  1.0 ,  0.524134374492 ,  0.469997817691 ,  0.344017397605 ,  0.330117312558 ,  0.32697224617 ,  0.313471085301 ,  0.226596892482 ,  0.495942294214 ,  0.383194854562 ,  0.327241173147 ,  0.382388346657 ,  0.441628835877 ,  0.352024392274
RESPECTFUL ,  0.354474213993 ,  0.389277699389 ,  0.337519800599 ,  0.278411182449 ,  0.218070725604 ,  0.139598963106 ,  0.428937965216 ,  0.53070563868 ,  0.465936826368 ,  0.489076059871 ,  0.31839002744 ,  0.199578680142 ,  0.262398004745 ,  0.534468510253 ,  0.378419875532 ,  0.335319161653 ,  0.205784385284 ,  0.470144954433 ,  0.289439512017 ,  0.183760683397 ,  0.344202574981 ,  0.301948586267 ,  0.429580404766 ,  0.150174919346 ,  0.0609544712716 ,  0.277649530134 ,  0.273468794752 ,  0.524134374492 ,  1.0 ,  0.402320846796 ,  0.297855450407 ,  0.305566128147 ,  0.326687523393 ,  0.227855270832 ,  0.252770202542 ,  0.468716443882 ,  0.368147904335 ,  0.330043306806 ,  0.392878351882 ,  0.376835582388 ,  0.230252449641
RUDE ,  0.304777262567 ,  0.377343822836 ,  0.415602172484 ,  0.368466770514 ,  0.194731286777 ,  0.12773004571 ,  0.360133641804 ,  0.330230896704 ,  0.381821971126 ,  0.470176547281 ,  0.449335443392 ,  0.15921675455 ,  0.246997852761 ,  0.397708559551 ,  0.277506163609 ,  0.324468333638 ,  0.120414925678 ,  0.406023021042 ,  0.321901100188 ,  0.27470739207 ,  0.380124828773 ,  0.319273271611 ,  0.471144811777 ,  0.0283201734532 ,  0.0457567970808 ,  0.248299964998 ,  0.327370549287 ,  0.469997817691 ,  0.402320846796 ,  1.0 ,  0.232047841521 ,  0.317514153069 ,  0.343965321443 ,  0.269647799663 ,  0.230748186578 ,  0.350054761969 ,  0.420723287455 ,  0.3532197894 ,  0.356674422814 ,  0.474635104539 ,  0.252292918839
SMART ,  0.282103931557 ,  0.251216708262 ,  0.174129679038 ,  0.161663298805 ,  0.12573971347 ,  0.0876508881636 ,  0.291400528068 ,  0.239519772235 ,  0.18359401901 ,  0.274999191688 ,  0.232064330646 ,  0.095783373154 ,  0.160208942231 ,  0.13653855506 ,  0.310762506019 ,  0.207747314488 ,  0.296286613365 ,  0.347478801772 ,  0.271276990229 ,  0.160168812978 ,  0.170711199463 ,  0.204682494585 ,  0.243956942331 ,  0.142930520474 ,  0.151778339236 ,  0.341018501622 ,  0.190051516234 ,  0.344017397605 ,  0.297855450407 ,  0.232047841521 ,  1.0 ,  0.20802626577 ,  0.186729125065 ,  0.255458215698 ,  0.138781898656 ,  0.388599429581 ,  0.19371077772 ,  0.142410509976 ,  0.17130216264 ,  0.201711572036 ,  0.216205583294
SOCIABLE ,  0.393901229159 ,  0.461801484966 ,  0.287951405963 ,  0.405993504724 ,  0.30524080776 ,  0.0916916503214 ,  0.326326768625 ,  0.381522058723 ,  0.358214628053 ,  0.438670432384 ,  0.258617813517 ,  0.0793396961498 ,  0.190890182201 ,  0.293172210594 ,  0.25591534046 ,  0.39273052703 ,  0.103248504758 ,  0.272542348967 ,  0.273879672861 ,  0.26442353948 ,  0.349345646484 ,  0.392117200272 ,  0.322591629616 ,  0.000356645479699 ,  0.0445835812198 ,  0.172819692013 ,  0.283680825714 ,  0.330117312558 ,  0.305566128147 ,  0.317514153069 ,  0.20802626577 ,  1.0 ,  0.384032292771 ,  0.216029277594 ,  0.252134758793 ,  0.328518155942 ,  0.413521293774 ,  0.329453168714 ,  0.2968007867 ,  0.331253711387 ,  0.200307425499
SPITEFUL ,  0.386601552226 ,  0.474687104483 ,  0.40350518645 ,  0.511627993289 ,  0.26051032322 ,  0.111399107842 ,  0.353667881557 ,  0.402924181625 ,  0.319152377699 ,  0.440485163094 ,  0.297608489684 ,  0.112341466685 ,  0.225558465658 ,  0.349324277798 ,  0.20382276072 ,  0.433979727485 ,  0.122821720358 ,  0.258682791486 ,  0.247289662627 ,  0.343021215235 ,  0.407692275937 ,  0.424462009043 ,  0.37830338233 ,  0.0176250228481 ,  0.00830319600074 ,  0.13899708945 ,  0.195241620337 ,  0.32697224617 ,  0.326687523393 ,  0.343965321443 ,  0.186729125065 ,  0.384032292771 ,  1.0 ,  0.185482663469 ,  0.383643612195 ,  0.358245854486 ,  0.584482801481 ,  0.452560635023 ,  0.359726513832 ,  0.395722892234 ,  0.140674664225
SWEET ,  0.343694663209 ,  0.375306755509 ,  0.184050705644 ,  0.219246283689 ,  0.191323998972 ,  0.160001199005 ,  0.316221747941 ,  0.22659983232 ,  0.258110840399 ,  0.250362591272 ,  0.314974839309 ,  0.181972510254 ,  0.133480033195 ,  0.167025687282 ,  0.282778977465 ,  0.338646924078 ,  0.261468075358 ,  0.305109061694 ,  0.367909812521 ,  0.174270897242 ,  0.195025427016 ,  0.195390463581 ,  0.214656394625 ,  0.116673242755 ,  0.0967945908257 ,  0.419096939523 ,  0.392019275587 ,  0.313471085301 ,  0.227855270832 ,  0.269647799663 ,  0.255458215698 ,  0.216029277594 ,  0.185482663469 ,  1.0 ,  0.112651148972 ,  0.334782995867 ,  0.273533974437 ,  0.156072745868 ,  0.222057625745 ,  0.262436664423 ,  0.352620325086
TACTFUL ,  0.276049631495 ,  0.336610103765 ,  0.310578153786 ,  0.336100132499 ,  0.30427317236 ,  0.157454000012 ,  0.291437376983 ,  0.260227732155 ,  0.282367417473 ,  0.298819163473 ,  0.244217101829 ,  0.238766060673 ,  0.221992679675 ,  0.26525290309 ,  0.149605273011 ,  0.328974018405 ,  0.0916422181147 ,  0.216380167026 ,  0.234066601338 ,  0.336629753425 ,  0.290372297403 ,  0.303739169547 ,  0.283535251794 ,  -0.0580865309488 ,  0.0164726555326 ,  0.106050981651 ,  0.202960732678 ,  0.226596892482 ,  0.252770202542 ,  0.230748186578 ,  0.138781898656 ,  0.252134758793 ,  0.383643612195 ,  0.112651148972 ,  1.0 ,  0.27528059107 ,  0.409953027435 ,  0.390631494603 ,  0.287173936832 ,  0.28361340203 ,  0.0948145760557
THOUGHTFUL ,  0.496484711398 ,  0.516435523184 ,  0.292615716918 ,  0.297873542372 ,  0.236136291453 ,  0.244060274596 ,  0.520357998289 ,  0.403989397892 ,  0.41770430526 ,  0.448814125327 ,  0.358715866362 ,  0.261396109254 ,  0.245616886413 ,  0.262888506041 ,  0.316373749145 ,  0.483496658916 ,  0.276189903041 ,  0.499962384523 ,  0.321497124271 ,  0.236558654103 ,  0.305763356159 ,  0.327597307168 ,  0.289076543612 ,  0.128227498435 ,  0.0952723269179 ,  0.343486033007 ,  0.340460142166 ,  0.495942294214 ,  0.468716443882 ,  0.350054761969 ,  0.388599429581 ,  0.328518155942 ,  0.358245854486 ,  0.334782995867 ,  0.27528059107 ,  1.0 ,  0.409407178583 ,  0.305368981196 ,  0.274677428824 ,  0.352966119294 ,  0.258611243405
THOUGHTLESS ,  0.412931485067 ,  0.548144045004 ,  0.530288655553 ,  0.601101654049 ,  0.374662512851 ,  0.131540557901 ,  0.426536454988 ,  0.414486649022 ,  0.417173266106 ,  0.492424104636 ,  0.357506894745 ,  0.15233346704 ,  0.296233510046 ,  0.39284004179 ,  0.228187426157 ,  0.494478808675 ,  0.136869241386 ,  0.351661914281 ,  0.354847772987 ,  0.335634996802 ,  0.482199486013 ,  0.482291953676 ,  0.496693786632 ,  -0.0281253749526 ,  0.0141653930742 ,  0.208989088364 ,  0.301529327026 ,  0.383194854562 ,  0.368147904335 ,  0.420723287455 ,  0.19371077772 ,  0.413521293774 ,  0.584482801481 ,  0.273533974437 ,  0.409953027435 ,  0.409407178583 ,  1.0 ,  0.535073718574 ,  0.459732104815 ,  0.533123463145 ,  0.221223697878
UNCIVIL ,  0.248346848712 ,  0.413765200039 ,  0.398250859144 ,  0.449320717355 ,  0.339263494729 ,  0.212892782505 ,  0.37703226006 ,  0.307375618077 ,  0.408649690747 ,  0.406087068965 ,  0.321928601023 ,  0.194196767626 ,  0.257968416095 ,  0.392497337762 ,  0.240494473596 ,  0.328361485809 ,  0.10449696078 ,  0.268788525859 ,  0.314426439006 ,  0.294692447424 ,  0.468096685596 ,  0.428592205081 ,  0.461452915472 ,  -0.027303204949 ,  0.0575904801816 ,  0.166832360706 ,  0.266943508608 ,  0.327241173147 ,  0.330043306806 ,  0.3532197894 ,  0.142410509976 ,  0.329453168714 ,  0.452560635023 ,  0.156072745868 ,  0.390631494603 ,  0.305368981196 ,  0.535073718574 ,  1.0 ,  0.512050967759 ,  0.499017994629 ,  0.168174410236
UNFRIENDLY ,  0.276391601163 ,  0.440840130806 ,  0.418819845166 ,  0.353584638307 ,  0.363286993348 ,  0.134725865648 ,  0.335649791674 ,  0.351912659786 ,  0.415083273891 ,  0.49337920408 ,  0.30502887218 ,  0.150456459373 ,  0.283786045446 ,  0.456017760148 ,  0.46266915918 ,  0.337316535541 ,  0.150617204222 ,  0.343082801876 ,  0.298854344161 ,  0.291051660489 ,  0.406962540297 ,  0.401335309834 ,  0.469669400674 ,  -0.00157966423196 ,  0.0524733054184 ,  0.17959547408 ,  0.321592663903 ,  0.382388346657 ,  0.392878351882 ,  0.356674422814 ,  0.17130216264 ,  0.2968007867 ,  0.359726513832 ,  0.222057625745 ,  0.287173936832 ,  0.274677428824 ,  0.459732104815 ,  0.512050967759 ,  1.0 ,  0.502022499196 ,  0.242142524147
UNKIND ,  0.308932764493 ,  0.42203241091 ,  0.449532120443 ,  0.414399670292 ,  0.289989400186 ,  0.103671095452 ,  0.368460214286 ,  0.405430371101 ,  0.412152865605 ,  0.514080137171 ,  0.387540367406 ,  0.140239931232 ,  0.341479794837 ,  0.505267936383 ,  0.255090207316 ,  0.379675174272 ,  0.128113240243 ,  0.360272299217 ,  0.369240054422 ,  0.363861506545 ,  0.545882820891 ,  0.427428352973 ,  0.563691838041 ,  0.0257449386403 ,  -0.00544571646749 ,  0.21889766337 ,  0.318012509743 ,  0.441628835877 ,  0.376835582388 ,  0.474635104539 ,  0.201711572036 ,  0.331253711387 ,  0.395722892234 ,  0.262436664423 ,  0.28361340203 ,  0.352966119294 ,  0.533123463145 ,  0.499017994629 ,  0.502022499196 ,  1.0 ,  0.176327172676
WARM ,  0.241782516328 ,  0.270660671231 ,  0.16711743212 ,  0.110870159483 ,  0.220007557813 ,  0.143443021412 ,  0.224526935293 ,  0.16633701559 ,  0.34246208182 ,  0.253222359056 ,  0.218395491745 ,  0.202158992255 ,  0.104042455669 ,  0.0831879626037 ,  0.309038212989 ,  0.22922416516 ,  0.214217813014 ,  0.319360975429 ,  0.237582601369 ,  0.120066744313 ,  0.157701468897 ,  0.118479103227 ,  0.179160153005 ,  0.107418140649 ,  0.119170233812 ,  0.305963027063 ,  0.357206671116 ,  0.352024392274 ,  0.230252449641 ,  0.252292918839 ,  0.216205583294 ,  0.200307425499 ,  0.140674664225 ,  0.352620325086 ,  0.0948145760557 ,  0.258611243405 ,  0.221223697878 ,  0.168174410236 ,  0.242142524147 ,  0.176327172676 ,  1.0
