WORDS  , GENEROUS , HOARD , LAVISH , LAVISH , MEAN , MISERLY , STINGY
GENEROUS ,  1.0 ,  0.0045206934521 ,  0.32461491153 ,  0.32461491153 ,  0.082634678485 ,  0.255672777664 ,  0.397065081335
HOARD ,  0.0045206934521 ,  1.0 ,  0.00231601523019 ,  0.00231601523019 ,  -0.0574742317642 ,  -0.0198729069843 ,  -0.0302579864448
LAVISH ,  0.32461491153 ,  0.00231601523019 ,  1.0 ,  1.0 ,  0.0399764040182 ,  0.302200246511 ,  0.28176783909
LAVISH ,  0.32461491153 ,  0.00231601523019 ,  1.0 ,  1.0 ,  0.0399764040182 ,  0.302200246511 ,  0.28176783909
MEAN ,  0.082634678485 ,  -0.0574742317642 ,  0.0399764040182 ,  0.0399764040182 ,  1.0 ,  0.0238991429395 ,  -0.00353907978282
MISERLY ,  0.255672777664 ,  -0.0198729069843 ,  0.302200246511 ,  0.302200246511 ,  0.0238991429395 ,  1.0 ,  0.435721562496
STINGY ,  0.397065081335 ,  -0.0302579864448 ,  0.28176783909 ,  0.28176783909 ,  -0.00353907978282 ,  0.435721562496 ,  1.0
