WORDS  , BELIEVE , CREDENCE , FAITH , GULLIBLE , RELIABILITY , RELIABLE , TRUST , TRUST , TRUSTWORTHY
BELIEVE ,  1.0 ,  0.0209895502726 ,  0.162506885167 ,  -0.00919727168601 ,  -0.0070142612241 ,  0.0947489221625 ,  0.292940667054 ,  0.292940667054 ,  0.0276608620535
CREDENCE ,  0.0209895502726 ,  1.0 ,  0.16240805503 ,  0.0557739797888 ,  0.234729030242 ,  0.0132397762958 ,  0.0390390213092 ,  0.0390390213092 ,  -0.0261704483148
FAITH ,  0.162506885167 ,  0.16240805503 ,  1.0 ,  -0.00219449429774 ,  0.162085083014 ,  0.0104710255953 ,  0.311846113939 ,  0.311846113939 ,  0.00570683528074
GULLIBLE ,  -0.00919727168601 ,  0.0557739797888 ,  -0.00219449429774 ,  1.0 ,  -0.0754727537202 ,  0.172855324482 ,  -0.0223316552179 ,  -0.0223316552179 ,  0.489719876626
RELIABILITY ,  -0.0070142612241 ,  0.234729030242 ,  0.162085083014 ,  -0.0754727537202 ,  1.0 ,  0.0993168651255 ,  0.176096582233 ,  0.176096582233 ,  0.0792172734474
RELIABLE ,  0.0947489221625 ,  0.0132397762958 ,  0.0104710255953 ,  0.172855324482 ,  0.0993168651255 ,  1.0 ,  0.0342386475919 ,  0.0342386475919 ,  0.404440542187
TRUST ,  0.292940667054 ,  0.0390390213092 ,  0.311846113939 ,  -0.0223316552179 ,  0.176096582233 ,  0.0342386475919 ,  1.0 ,  1.0 ,  0.0237372675256
TRUST ,  0.292940667054 ,  0.0390390213092 ,  0.311846113939 ,  -0.0223316552179 ,  0.176096582233 ,  0.0342386475919 ,  1.0 ,  1.0 ,  0.0237372675256
TRUSTWORTHY ,  0.0276608620535 ,  -0.0261704483148 ,  0.00570683528074 ,  0.489719876626 ,  0.0792172734474 ,  0.404440542187 ,  0.0237372675256 ,  0.0237372675256 ,  1.0
