WORDS  , AVERAGE , COMMONPLACE , CURIOUS , NORMAL , ODD , ORDINARY , UNUSUAL , VANILLA
AVERAGE ,  1.0 ,  0.102284267844 ,  0.136961209311 ,  0.327637741237 ,  0.109068995323 ,  0.282490250678 ,  0.177100501296 ,  0.0332749993983
COMMONPLACE ,  0.102284267844 ,  1.0 ,  0.231660495152 ,  0.253068127556 ,  0.267657917465 ,  0.163147942834 ,  0.367553437916 ,  0.00212723093167
CURIOUS ,  0.136961209311 ,  0.231660495152 ,  1.0 ,  0.213873287345 ,  0.375834212924 ,  0.234559316921 ,  0.369577558133 ,  0.0251945434176
NORMAL ,  0.327637741237 ,  0.253068127556 ,  0.213873287345 ,  1.0 ,  0.357348967844 ,  0.505180730063 ,  0.395529308611 ,  0.0973252153975
ODD ,  0.109068995323 ,  0.267657917465 ,  0.375834212924 ,  0.357348967844 ,  1.0 ,  0.312921281903 ,  0.424994890498 ,  0.0772377189587
ORDINARY ,  0.282490250678 ,  0.163147942834 ,  0.234559316921 ,  0.505180730063 ,  0.312921281903 ,  1.0 ,  0.232617888862 ,  0.0414776002804
UNUSUAL ,  0.177100501296 ,  0.367553437916 ,  0.369577558133 ,  0.395529308611 ,  0.424994890498 ,  0.232617888862 ,  1.0 ,  0.0492324604001
VANILLA ,  0.0332749993983 ,  0.00212723093167 ,  0.0251945434176 ,  0.0973252153975 ,  0.0772377189587 ,  0.0414776002804 ,  0.0492324604001 ,  1.0
