WORDS  , AFFLUENT , BANKRUPT , BROKE , IMPOVERISHED , NEEDY , POOR , POVERTY , PRIVILEGED , PROSPEROUS , RICH , UNDERPRIVILEGED , WEALTHY
AFFLUENT ,  1.0 ,  0.260910877582 ,  0.0311352126583 ,  0.537688772271 ,  0.487616222713 ,  0.469649815737 ,  0.0400742677638 ,  0.346668324234 ,  0.418490646529 ,  0.415801626533 ,  0.433065377733 ,  0.648051036068
BANKRUPT ,  0.260910877582 ,  1.0 ,  0.11537138658 ,  0.338635300559 ,  0.158072652326 ,  0.182982845584 ,  0.0642756454554 ,  0.118470590357 ,  0.265129451774 ,  0.200869641253 ,  0.101744374143 ,  0.304681992676
BROKE ,  0.0311352126583 ,  0.11537138658 ,  1.0 ,  0.0570897664918 ,  -0.00575113702221 ,  0.109355831078 ,  0.0454586200888 ,  0.0566231479643 ,  0.0205065728064 ,  0.0617497815916 ,  -0.0207640150764 ,  0.0264454091611
IMPOVERISHED ,  0.537688772271 ,  0.338635300559 ,  0.0570897664918 ,  1.0 ,  0.442581847041 ,  0.366554624716 ,  0.0545508784613 ,  0.28371505857 ,  0.466707796417 ,  0.309773596948 ,  0.430876555678 ,  0.462248022949
NEEDY ,  0.487616222713 ,  0.158072652326 ,  -0.00575113702221 ,  0.442581847041 ,  1.0 ,  0.4683909424 ,  0.0763498685785 ,  0.30884128947 ,  0.246407059918 ,  0.354962764638 ,  0.589378271195 ,  0.508297080152
POOR ,  0.469649815737 ,  0.182982845584 ,  0.109355831078 ,  0.366554624716 ,  0.4683909424 ,  1.0 ,  0.0936042882336 ,  0.309721508085 ,  0.250565948547 ,  0.511310772239 ,  0.307117655238 ,  0.54694332827
POVERTY ,  0.0400742677638 ,  0.0642756454554 ,  0.0454586200888 ,  0.0545508784613 ,  0.0763498685785 ,  0.0936042882336 ,  1.0 ,  -0.0209771836764 ,  0.0129644384308 ,  0.0322621145707 ,  0.0643283691778 ,  0.0963592339426
PRIVILEGED ,  0.346668324234 ,  0.118470590357 ,  0.0566231479643 ,  0.28371505857 ,  0.30884128947 ,  0.309721508085 ,  -0.0209771836764 ,  1.0 ,  0.243367738152 ,  0.201795371806 ,  0.341870349883 ,  0.29519581836
PROSPEROUS ,  0.418490646529 ,  0.265129451774 ,  0.0205065728064 ,  0.466707796417 ,  0.246407059918 ,  0.250565948547 ,  0.0129644384308 ,  0.243367738152 ,  1.0 ,  0.277449535595 ,  0.257172166011 ,  0.355038453692
RICH ,  0.415801626533 ,  0.200869641253 ,  0.0617497815916 ,  0.309773596948 ,  0.354962764638 ,  0.511310772239 ,  0.0322621145707 ,  0.201795371806 ,  0.277449535595 ,  1.0 ,  0.242723475039 ,  0.558241465821
UNDERPRIVILEGED ,  0.433065377733 ,  0.101744374143 ,  -0.0207640150764 ,  0.430876555678 ,  0.589378271195 ,  0.307117655238 ,  0.0643283691778 ,  0.341870349883 ,  0.257172166011 ,  0.242723475039 ,  1.0 ,  0.376902974134
WEALTHY ,  0.648051036068 ,  0.304681992676 ,  0.0264454091611 ,  0.462248022949 ,  0.508297080152 ,  0.54694332827 ,  0.0963592339426 ,  0.29519581836 ,  0.355038453692 ,  0.558241465821 ,  0.376902974134 ,  1.0
