BRIGHT:		 94.5001852039
INTELLIGENT:		 93.6437277855
SMART:		 90.8040216244
BRILLIANT:		 89.2672547047
BRAINY:		 88.8736367349
INGENIOUS:		 86.3855611786
DUMB:		 85.074748573
STUPID:		 85.8640459382
IDIOTIC:		 86.0677705841
FOOLISH:		 87.2829563624
MORONIC:		 89.6604440848
MINDLESS:		 91.0324839133
BRAINLESS:		 92.3644471769
INSANE:		 93.1354553939
DIM:		 95.3082933601
DAFT:		 100.0
