{'LENGTHY': 0, 'EXTENDED': 2, 'LONG': 1}
{'SHORT': 3, 'FLEETING': 2, 'BRIEF': 1, 'MOMENTARY': 0}


EXTENDED:		 98.6154593143
LONG:		 97.4946976752
LENGTHY:		 88.6392468794
SHORT:		 91.5170591906
BRIEF:		 92.3623960648
FLEETING:		 95.7864165699
MOMENTARY:		 100.0


tau_positive_class =  -1.0
tau_negative_class =  -0.666666666667
spear_positive_class =  -1.0
spear_negative_class =  -0.8 

