LONG:		 100.0
EXTENDED:		 96.5512127157
LENGTHY:		 84.409584139
BRIEF:		 90.0583700502
FLEETING:		 93.3969766568
MOMENTARY:		 97.5054501477
