{'LENGTHY': 0, 'EXTENDED': 2, 'LONG': 1}
{'SHORT': 3, 'FLEETING': 2, 'BRIEF': 1, 'MOMENTARY': 0}


EXTENDED:		 98.6539331967
LONG:		 97.7054129706
LENGTHY:		 79.7536684202
SHORT:		 87.2275783837
BRIEF:		 89.0340645705
FLEETING:		 91.8890431625
MOMENTARY:		 100.0


tau_positive_class =  -1.0
tau_negative_class =  -0.666666666667
spear_positive_class =  -1.0
spear_negative_class =  -0.8 

