['lousy' 'poor' 'awful']
[ 0.02481283  0.07010753  0.04183975]
3


lousy:		 0.0248128333234
awful:		 0.0418397455174
poor:		 0.0701075251008


tau =  0.333333333333
spear =  0.5
