AVERAGE:		 100.0
FAIR:		 97.5106793132
FINE:		 95.9413648885
GREAT:		 90.4929039935
GOOD:		 90.0299390096
EXTRAORDINARY:		 87.9366568592
OUTSTANDING:		 87.787786171
EXCELLENT:		 84.6629922348
SUPERB:		 83.3354485487
DECENT:		 81.9990148967
LOUSY:		 81.2862234429
BAD:		 87.8045445598
MEDIOCRE:		 87.9274681996
AWFUL:		 88.5917672243
POOR:		 92.073477319
INFERIOR:		 93.1842173687
ROTTEN:		 94.3848993458
CRAPPY:		 94.5048312719
