WORDS  , AWARE , AWARENESS , BELIEVE , COGNIZANT , COMPREHEND , COMPREHENSION , CONCEIVE , CONCEPTION , CONSCIOUS , CONSCIOUSNESS , HUNCH , IGNORANCE , IMAGINE , KNOWLEDGEABLE , KNOWLEDGE , KNOW , PRESUME , PRESUMPTION , RECKON , SUPPOSITION , SUSPECT , SUSPICION , THINK , THOUGHT , UNDERSTANDING , UNDERSTAND , UNKNOWN
AWARE ,  1.0 ,  0.247371326211 ,  0.306399569804 ,  0.334306413584 ,  0.155353102417 ,  0.154976203341 ,  0.276042962357 ,  0.153268050474 ,  0.332528479343 ,  0.103488498757 ,  0.0481582757355 ,  0.12239665977 ,  0.236109319417 ,  0.173298213379 ,  0.367597902375 ,  0.274616118131 ,  0.193281587232 ,  0.140727191215 ,  0.188340641525 ,  0.143418561993 ,  0.24536941084 ,  0.219906779035 ,  0.304705214241 ,  0.266574840397 ,  0.330963102709 ,  0.307921042825 ,  0.131605532155
AWARENESS ,  0.247371326211 ,  1.0 ,  0.0807015583461 ,  0.276612907621 ,  0.213702862504 ,  0.350598678983 ,  0.175798773805 ,  0.36281317741 ,  0.191836262139 ,  0.349745425132 ,  0.234623088494 ,  0.447583077624 ,  0.0704444259989 ,  0.0779678609529 ,  0.444435072864 ,  0.08684633653 ,  0.00825518646814 ,  0.287780678036 ,  0.0439055254357 ,  0.297821966415 ,  0.0652471649104 ,  0.38795218202 ,  0.136651496098 ,  0.13197517318 ,  0.348893764386 ,  0.139178229062 ,  0.0633215857151
BELIEVE ,  0.306399569804 ,  0.0807015583461 ,  1.0 ,  0.016875757837 ,  0.20282831045 ,  -0.0068394900692 ,  0.126197472999 ,  0.0450797862891 ,  0.0892314016539 ,  0.0717577695284 ,  0.0886817125127 ,  0.00519874285143 ,  0.46705622885 ,  0.0477948321586 ,  0.204619808341 ,  0.490538633379 ,  0.36595034121 ,  0.163181147731 ,  0.169480929208 ,  0.0916998377712 ,  0.399307781832 ,  0.206532030447 ,  0.628106684275 ,  0.458862281421 ,  0.298008611413 ,  0.515140855227 ,  0.147338841001
COGNIZANT ,  0.334306413584 ,  0.276612907621 ,  0.016875757837 ,  1.0 ,  0.208832130859 ,  0.409577491353 ,  0.346470048577 ,  0.28908886643 ,  0.320584043132 ,  0.161430407738 ,  0.184796089803 ,  0.32656478254 ,  -0.00480709625186 ,  0.203049282136 ,  0.220525179271 ,  0.0150063247097 ,  0.0555915079832 ,  0.181008823137 ,  0.176333856787 ,  0.280157129049 ,  0.0535557079021 ,  0.154390995265 ,  0.0765627296082 ,  0.041901793018 ,  0.191642999477 ,  0.0542805492964 ,  0.04417301005
COMPREHEND ,  0.155353102417 ,  0.213702862504 ,  0.20282831045 ,  0.208832130859 ,  1.0 ,  0.220566919787 ,  0.187764994089 ,  0.168576348626 ,  0.110560682773 ,  0.179462802908 ,  0.164338114811 ,  0.233544653731 ,  0.351096423368 ,  0.0335176400578 ,  0.119983674226 ,  0.239926584844 ,  0.266270876029 ,  0.189605606783 ,  0.236299577418 ,  0.237452364339 ,  0.216573592427 ,  0.196091443184 ,  0.162643058678 ,  0.155036346587 ,  0.309102776865 ,  0.396393337337 ,  0.120566586076
COMPREHENSION ,  0.154976203341 ,  0.350598678983 ,  -0.0068394900692 ,  0.409577491353 ,  0.220566919787 ,  1.0 ,  0.243253136504 ,  0.46452809408 ,  0.0630511653587 ,  0.30148259981 ,  0.298575932865 ,  0.468230210669 ,  0.0064755717786 ,  -0.0110420942825 ,  0.304718612855 ,  0.0272853971832 ,  0.0665929121289 ,  0.219880288133 ,  0.0730693461788 ,  0.415177338781 ,  -0.011132888255 ,  0.320429377408 ,  0.0415252066207 ,  0.0620059645748 ,  0.255035165197 ,  0.0863327452245 ,  0.0102473044317
CONCEIVE ,  0.276042962357 ,  0.175798773805 ,  0.126197472999 ,  0.346470048577 ,  0.187764994089 ,  0.243253136504 ,  1.0 ,  0.298993032582 ,  0.217527778162 ,  0.217429188454 ,  0.0885289209253 ,  0.142456661782 ,  0.180170037915 ,  0.0804601793803 ,  0.175150702121 ,  0.116993350302 ,  0.222797382156 ,  0.20714937024 ,  0.207183543994 ,  0.195029191197 ,  0.164001798626 ,  0.125771684587 ,  0.182560352853 ,  0.16725110348 ,  0.122384119672 ,  0.102186333371 ,  0.0704234889041
CONCEPTION ,  0.153268050474 ,  0.36281317741 ,  0.0450797862891 ,  0.28908886643 ,  0.168576348626 ,  0.46452809408 ,  0.298993032582 ,  1.0 ,  0.0490068471117 ,  0.292354006071 ,  0.298478275613 ,  0.399998239552 ,  -0.0300848224072 ,  -0.00902522487863 ,  0.293790022952 ,  -0.0143535165472 ,  0.0671757813064 ,  0.313029349094 ,  0.116321248759 ,  0.431938976433 ,  0.0447404514915 ,  0.313310378825 ,  0.0740941701506 ,  0.0977400521856 ,  0.286109368966 ,  0.046389870296 ,  0.0584179269917
CONSCIOUS ,  0.332528479343 ,  0.191836262139 ,  0.0892314016539 ,  0.320584043132 ,  0.110560682773 ,  0.0630511653587 ,  0.217527778162 ,  0.0490068471117 ,  1.0 ,  0.104714323142 ,  0.0240490169081 ,  0.0933829888957 ,  0.100283879541 ,  0.34206627269 ,  0.134911760802 ,  0.12067314635 ,  0.112101447479 ,  0.0766975251994 ,  0.0954244559681 ,  0.057532800674 ,  0.172892846751 ,  0.0639250465634 ,  0.139984039314 ,  0.140778535938 ,  0.1483135797 ,  0.144451711426 ,  0.164869878347
CONSCIOUSNESS ,  0.103488498757 ,  0.349745425132 ,  0.0717577695284 ,  0.161430407738 ,  0.179462802908 ,  0.30148259981 ,  0.217429188454 ,  0.292354006071 ,  0.104714323142 ,  1.0 ,  0.254171155031 ,  0.403530360001 ,  0.0944594949879 ,  0.0649255252043 ,  0.297083661555 ,  0.109011488527 ,  0.0972229333143 ,  0.255185396157 ,  0.0902346912217 ,  0.26876194931 ,  0.047681397177 ,  0.284610252504 ,  0.119643529338 ,  0.148422658732 ,  0.207487538232 ,  0.1385006871 ,  0.0500321894026
HUNCH ,  0.0481582757355 ,  0.234623088494 ,  0.0886817125127 ,  0.184796089803 ,  0.164338114811 ,  0.298575932865 ,  0.0885289209253 ,  0.298478275613 ,  0.0240490169081 ,  0.254171155031 ,  1.0 ,  0.302861539274 ,  0.00335780007399 ,  -0.021399282568 ,  0.189508143403 ,  0.0361107763764 ,  0.0993751235675 ,  0.37777061616 ,  0.19288304854 ,  0.522795228531 ,  0.0734745677488 ,  0.43529598549 ,  0.0579559551753 ,  0.106332839073 ,  0.25463226667 ,  0.102625541206 ,  0.0462085321557
IGNORANCE ,  0.12239665977 ,  0.447583077624 ,  0.00519874285143 ,  0.32656478254 ,  0.233544653731 ,  0.468230210669 ,  0.142456661782 ,  0.399998239552 ,  0.0933829888957 ,  0.403530360001 ,  0.302861539274 ,  1.0 ,  -0.0172880191059 ,  0.0459395113148 ,  0.346306691088 ,  0.0161500088452 ,  0.0105685255018 ,  0.243323139571 ,  0.100921721889 ,  0.3402208088 ,  0.0212518039614 ,  0.406976374273 ,  0.0461676074229 ,  0.0510027472716 ,  0.276618283782 ,  0.0814850313702 ,  -0.0205605271332
IMAGINE ,  0.236109319417 ,  0.0704444259989 ,  0.46705622885 ,  -0.00480709625186 ,  0.351096423368 ,  0.0064755717786 ,  0.180170037915 ,  -0.0300848224072 ,  0.100283879541 ,  0.0944594949879 ,  0.00335780007399 ,  -0.0172880191059 ,  1.0 ,  -0.0153639303197 ,  0.147174424126 ,  0.480513344467 ,  0.387902567134 ,  0.109842561689 ,  0.184810115972 ,  0.0718859391717 ,  0.357215062406 ,  0.150479495894 ,  0.473020851526 ,  0.368535303114 ,  0.243682127119 ,  0.529410414535 ,  0.168637325815
KNOWLEDGEABLE ,  0.173298213379 ,  0.0779678609529 ,  0.0477948321586 ,  0.203049282136 ,  0.0335176400578 ,  -0.0110420942825 ,  0.0804601793803 ,  -0.00902522487863 ,  0.34206627269 ,  0.0649255252043 ,  -0.021399282568 ,  0.0459395113148 ,  -0.0153639303197 ,  1.0 ,  0.143830590418 ,  0.0843146250101 ,  0.0904468984025 ,  0.0204946810145 ,  0.0570006311872 ,  -0.0242767141651 ,  0.0425761575903 ,  -0.000923350752687 ,  0.0729995200983 ,  0.0809117530776 ,  0.113383000585 ,  0.0669369344087 ,  0.290676996327
KNOWLEDGE ,  0.367597902375 ,  0.444435072864 ,  0.204619808341 ,  0.220525179271 ,  0.119983674226 ,  0.304718612855 ,  0.175150702121 ,  0.293790022952 ,  0.134911760802 ,  0.297083661555 ,  0.189508143403 ,  0.346306691088 ,  0.147174424126 ,  0.143830590418 ,  1.0 ,  0.204459669003 ,  0.143918495614 ,  0.201029374437 ,  0.108903733786 ,  0.255248045465 ,  0.141411309877 ,  0.393200760305 ,  0.229019482213 ,  0.237620778709 ,  0.422226903799 ,  0.236348846244 ,  0.0801811896292
KNOW ,  0.274616118131 ,  0.08684633653 ,  0.490538633379 ,  0.0150063247097 ,  0.239926584844 ,  0.0272853971832 ,  0.116993350302 ,  -0.0143535165472 ,  0.12067314635 ,  0.109011488527 ,  0.0361107763764 ,  0.0161500088452 ,  0.480513344467 ,  0.0843146250101 ,  0.204459669003 ,  1.0 ,  0.30519191093 ,  0.0800127722986 ,  0.135726886617 ,  0.0506806487638 ,  0.283890480987 ,  0.126592635544 ,  0.513032239606 ,  0.36055396898 ,  0.239436190591 ,  0.620923527509 ,  0.153841416215
PRESUME ,  0.193281587232 ,  0.00825518646814 ,  0.36595034121 ,  0.0555915079832 ,  0.266270876029 ,  0.0665929121289 ,  0.222797382156 ,  0.0671757813064 ,  0.112101447479 ,  0.0972229333143 ,  0.0993751235675 ,  0.0105685255018 ,  0.387902567134 ,  0.0904468984025 ,  0.143918495614 ,  0.30519191093 ,  1.0 ,  0.150084042715 ,  0.356183283995 ,  0.163099822639 ,  0.37050163629 ,  0.150601361196 ,  0.360922395344 ,  0.310621167678 ,  0.155361192907 ,  0.330920255128 ,  0.125422602279
PRESUMPTION ,  0.140727191215 ,  0.287780678036 ,  0.163181147731 ,  0.181008823137 ,  0.189605606783 ,  0.219880288133 ,  0.20714937024 ,  0.313029349094 ,  0.0766975251994 ,  0.255185396157 ,  0.37777061616 ,  0.243323139571 ,  0.109842561689 ,  0.0204946810145 ,  0.201029374437 ,  0.0800127722986 ,  0.150084042715 ,  1.0 ,  0.0852660268009 ,  0.427976398248 ,  0.13027116516 ,  0.418971904856 ,  0.0922533925493 ,  0.143157935282 ,  0.297927230792 ,  0.144302286648 ,  0.0715893109143
RECKON ,  0.188340641525 ,  0.0439055254357 ,  0.169480929208 ,  0.176333856787 ,  0.236299577418 ,  0.0730693461788 ,  0.207183543994 ,  0.116321248759 ,  0.0954244559681 ,  0.0902346912217 ,  0.19288304854 ,  0.100921721889 ,  0.184810115972 ,  0.0570006311872 ,  0.108903733786 ,  0.135726886617 ,  0.356183283995 ,  0.0852660268009 ,  1.0 ,  0.233607467901 ,  0.196794157697 ,  0.0879249464603 ,  0.205531709105 ,  0.21153128506 ,  0.104658263443 ,  0.161197019227 ,  0.0484998501426
SUPPOSITION ,  0.143418561993 ,  0.297821966415 ,  0.0916998377712 ,  0.280157129049 ,  0.237452364339 ,  0.415177338781 ,  0.195029191197 ,  0.431938976433 ,  0.057532800674 ,  0.26876194931 ,  0.522795228531 ,  0.3402208088 ,  0.0718859391717 ,  -0.0242767141651 ,  0.255248045465 ,  0.0506806487638 ,  0.163099822639 ,  0.427976398248 ,  0.233607467901 ,  1.0 ,  0.0730284038219 ,  0.423277685795 ,  0.0828592440615 ,  0.142821138054 ,  0.280553712105 ,  0.135647852311 ,  0.0835003853059
SUSPECT ,  0.24536941084 ,  0.0652471649104 ,  0.399307781832 ,  0.0535557079021 ,  0.216573592427 ,  -0.011132888255 ,  0.164001798626 ,  0.0447404514915 ,  0.172892846751 ,  0.047681397177 ,  0.0734745677488 ,  0.0212518039614 ,  0.357215062406 ,  0.0425761575903 ,  0.141411309877 ,  0.283890480987 ,  0.37050163629 ,  0.13027116516 ,  0.196794157697 ,  0.0730284038219 ,  1.0 ,  0.184086561415 ,  0.359981975987 ,  0.330688193703 ,  0.214032377849 ,  0.315328187616 ,  0.205291079126
SUSPICION ,  0.219906779035 ,  0.38795218202 ,  0.206532030447 ,  0.154390995265 ,  0.196091443184 ,  0.320429377408 ,  0.125771684587 ,  0.313310378825 ,  0.0639250465634 ,  0.284610252504 ,  0.43529598549 ,  0.406976374273 ,  0.150479495894 ,  -0.000923350752687 ,  0.393200760305 ,  0.126592635544 ,  0.150601361196 ,  0.418971904856 ,  0.0879249464603 ,  0.423277685795 ,  0.184086561415 ,  1.0 ,  0.196272193389 ,  0.208907400549 ,  0.353394695986 ,  0.19997094886 ,  0.126003179889
THINK ,  0.304705214241 ,  0.136651496098 ,  0.628106684275 ,  0.0765627296082 ,  0.162643058678 ,  0.0415252066207 ,  0.182560352853 ,  0.0740941701506 ,  0.139984039314 ,  0.119643529338 ,  0.0579559551753 ,  0.0461676074229 ,  0.473020851526 ,  0.0729995200983 ,  0.229019482213 ,  0.513032239606 ,  0.360922395344 ,  0.0922533925493 ,  0.205531709105 ,  0.0828592440615 ,  0.359981975987 ,  0.196272193389 ,  1.0 ,  0.532181005328 ,  0.253572247606 ,  0.46683338593 ,  0.137507350759
THOUGHT ,  0.266574840397 ,  0.13197517318 ,  0.458862281421 ,  0.041901793018 ,  0.155036346587 ,  0.0620059645748 ,  0.16725110348 ,  0.0977400521856 ,  0.140778535938 ,  0.148422658732 ,  0.106332839073 ,  0.0510027472716 ,  0.368535303114 ,  0.0809117530776 ,  0.237620778709 ,  0.36055396898 ,  0.310621167678 ,  0.143157935282 ,  0.21153128506 ,  0.142821138054 ,  0.330688193703 ,  0.208907400549 ,  0.532181005328 ,  1.0 ,  0.251752735018 ,  0.36561228359 ,  0.160858073479
UNDERSTANDING ,  0.330963102709 ,  0.348893764386 ,  0.298008611413 ,  0.191642999477 ,  0.309102776865 ,  0.255035165197 ,  0.122384119672 ,  0.286109368966 ,  0.1483135797 ,  0.207487538232 ,  0.25463226667 ,  0.276618283782 ,  0.243682127119 ,  0.113383000585 ,  0.422226903799 ,  0.239436190591 ,  0.155361192907 ,  0.297927230792 ,  0.104658263443 ,  0.280553712105 ,  0.214032377849 ,  0.353394695986 ,  0.253572247606 ,  0.251752735018 ,  1.0 ,  0.431215858079 ,  0.127961410354
UNDERSTAND ,  0.307921042825 ,  0.139178229062 ,  0.515140855227 ,  0.0542805492964 ,  0.396393337337 ,  0.0863327452245 ,  0.102186333371 ,  0.046389870296 ,  0.144451711426 ,  0.1385006871 ,  0.102625541206 ,  0.0814850313702 ,  0.529410414535 ,  0.0669369344087 ,  0.236348846244 ,  0.620923527509 ,  0.330920255128 ,  0.144302286648 ,  0.161197019227 ,  0.135647852311 ,  0.315328187616 ,  0.19997094886 ,  0.46683338593 ,  0.36561228359 ,  0.431215858079 ,  1.0 ,  0.165250934992
UNKNOWN ,  0.131605532155 ,  0.0633215857151 ,  0.147338841001 ,  0.04417301005 ,  0.120566586076 ,  0.0102473044317 ,  0.0704234889041 ,  0.0584179269917 ,  0.164869878347 ,  0.0500321894026 ,  0.0462085321557 ,  -0.0205605271332 ,  0.168637325815 ,  0.290676996327 ,  0.0801811896292 ,  0.153841416215 ,  0.125422602279 ,  0.0715893109143 ,  0.0484998501426 ,  0.0835003853059 ,  0.205291079126 ,  0.126003179889 ,  0.137507350759 ,  0.160858073479 ,  0.127961410354 ,  0.165250934992 ,  1.0
