WORDS  , BASH , BATTER , BAYONET , BEAT , UP , BEAT , BELT , BLUDGEON , BOIL , BREAK , BRUISE , BUFFET , BURN , BUTT , CANE , CHOP , CLAW , CLOUT , CLUB , CRACK , CRUSH , CUDGEL , CUFF , CUT , ELBOW , ELECTROCUTE , ELECTROCUTION , FRACTURE , GASH , HAMMER , HIT , HURT , INJURE , JAB , KICK , KNEE , KNIFE , KNOCK , LASH , MAIM , MUTILATE , PELT , POISONING , POISON , PUMMEL , PUNCH , SLAP , SLICE , SMACK , SMASH , SPEAR , SQUASH , STAB , STING , STONE , STRIKE , SWIPE , TORTURE , WELT , WHIP , WOUND
BASH ,  1.0 ,  0.165978425947 ,  0.115179144998 ,  0.164487416915 ,  0.0652989319843 ,  0.164487416915 ,  0.188244981691 ,  0.291181210013 ,  0.0957404674804 ,  0.165628221933 ,  0.169000257802 ,  0.167349073713 ,  0.152396481942 ,  0.128643349073 ,  0.127377383541 ,  0.0908790914019 ,  0.0935015063032 ,  0.113399543347 ,  0.191103469857 ,  0.113274629091 ,  0.308759481425 ,  0.171557768463 ,  0.0801634280107 ,  0.102645116555 ,  0.11452956815 ,  0.207078020834 ,  0.00566133670053 ,  0.141674659256 ,  0.137637192663 ,  0.201625843354 ,  0.146134018915 ,  0.184018173332 ,  0.241417320286 ,  0.363717244397 ,  0.240572467992 ,  0.119125125803 ,  0.105101445224 ,  0.276837662557 ,  0.152491667776 ,  0.144788127254 ,  0.239148723124 ,  0.194157934173 ,  0.244478014935 ,  0.160194987872 ,  0.280148027458 ,  0.218944576768 ,  0.264201923106 ,  0.149102389424 ,  0.126726542515 ,  0.181926579698 ,  0.143992837906 ,  0.05883830891 ,  0.220561688514 ,  0.0988556772271 ,  0.0356494101892 ,  0.208843923883 ,  0.210928857356 ,  0.0857918108578 ,  0.137278925118 ,  0.187267463192 ,  0.0925235958787
BATTER ,  0.165978425947 ,  1.0 ,  0.158451260265 ,  0.161679560524 ,  -0.0315135230429 ,  0.161679560524 ,  0.168700847287 ,  0.216870847168 ,  0.195383241795 ,  0.0714524085577 ,  0.247027008522 ,  0.0858459308442 ,  0.157867466119 ,  0.15280434295 ,  0.240520978783 ,  0.203999702199 ,  0.199873626311 ,  0.119046797366 ,  0.0669306267328 ,  0.168253226052 ,  0.18041390257 ,  0.188438860765 ,  0.16046499436 ,  0.0879800070877 ,  0.18809806322 ,  0.212837066981 ,  0.102786591408 ,  0.239276458763 ,  0.244997406764 ,  0.180044944865 ,  0.107126364274 ,  0.108182212062 ,  0.175657869576 ,  0.265338106387 ,  0.193022335575 ,  0.112754019865 ,  0.22173669121 ,  0.117597133784 ,  0.117786905883 ,  0.209359373806 ,  0.196091468293 ,  0.306447848674 ,  0.143292650528 ,  0.190089078407 ,  0.161613052276 ,  0.231258616869 ,  0.144093540561 ,  0.226637452203 ,  0.207567989591 ,  0.174573376792 ,  0.154533181085 ,  0.183888258928 ,  0.132999905049 ,  0.139609337137 ,  0.0851672433365 ,  0.0882148772389 ,  0.188738442998 ,  0.103084299491 ,  0.164851457296 ,  0.245431117181 ,  0.191918190668
BAYONET ,  0.115179144998 ,  0.158451260265 ,  1.0 ,  0.0600309494983 ,  -0.00214440553902 ,  0.0600309494983 ,  0.216661705459 ,  0.233147282155 ,  0.104377951295 ,  0.108884893791 ,  0.337504291866 ,  0.139460470713 ,  0.152549708784 ,  0.184206856669 ,  0.239045885535 ,  0.152976909558 ,  0.225737755694 ,  -0.0213798563254 ,  0.139150547499 ,  0.0965396373531 ,  0.155591853347 ,  0.219059084798 ,  0.213439024759 ,  0.0887834890041 ,  0.212801795151 ,  0.126880689949 ,  0.124785382308 ,  0.272849901348 ,  0.316462870547 ,  0.171154128918 ,  0.0810333857913 ,  0.00106113653615 ,  0.05277093099 ,  0.21958248464 ,  0.161077783421 ,  0.15172642884 ,  0.348997737419 ,  0.145461633496 ,  0.13120615078 ,  0.0663215083749 ,  0.0435722066528 ,  0.181593658668 ,  0.068394303473 ,  0.0969107943983 ,  0.0791939446535 ,  0.192212239167 ,  0.160630439375 ,  0.156482533325 ,  0.108716983903 ,  0.157705784527 ,  0.277966124201 ,  0.115348318848 ,  0.186616965034 ,  0.109435975767 ,  0.0977052639955 ,  0.0950814307743 ,  0.191743453888 ,  0.0575533342263 ,  0.317705596054 ,  0.11205374395 ,  0.208262077156
BEAT ,  0.164487416915 ,  0.161679560524 ,  0.0600309494983 ,  1.0 ,  0.146947140441 ,  1.0 ,  0.0493269789718 ,  0.122885282366 ,  0.0852709244947 ,  0.239587399924 ,  0.105322694272 ,  -0.00614615728119 ,  0.192348170052 ,  0.12436477959 ,  0.0393322577415 ,  0.081202853411 ,  0.0143673718269 ,  0.0820270495208 ,  0.112468662703 ,  0.19309130546 ,  0.244429962056 ,  0.0545276585183 ,  0.0459354073526 ,  0.349086761704 ,  0.0676059568136 ,  0.159464063581 ,  -0.0222708902002 ,  0.0872915217422 ,  0.0722504806391 ,  0.104574115832 ,  0.377460897601 ,  0.43942104625 ,  0.137675539851 ,  0.0957627281831 ,  0.241640325903 ,  0.0713972363181 ,  0.111787179812 ,  0.310986618413 ,  0.0730481697633 ,  0.0989934135617 ,  0.12427692005 ,  0.0506503154893 ,  0.0754120220037 ,  0.0699047454122 ,  0.144038288858 ,  0.182273697779 ,  0.17335094911 ,  0.149376030106 ,  0.0610695269531 ,  0.128629566187 ,  0.024689731716 ,  0.0299726014231 ,  0.157775891114 ,  0.0333163788517 ,  -0.0326310250122 ,  0.238205063366 ,  0.0401360236385 ,  0.130385161493 ,  -0.021551000944 ,  0.137983632352 ,  0.163147594829
UP ,  0.0652989319843 ,  -0.0315135230429 ,  -0.00214440553902 ,  0.146947140441 ,  1.0 ,  0.146947140441 ,  0.0426175642757 ,  -0.045222675615 ,  0.030352552011 ,  0.244933506403 ,  0.0232371975128 ,  -0.0316050559293 ,  0.0754032738127 ,  0.0555437608393 ,  0.022444853294 ,  0.0431731684383 ,  -0.00955857440778 ,  0.0989743228389 ,  0.104522328186 ,  0.0718690020026 ,  0.0599447501792 ,  0.0489075910071 ,  -0.0356122736179 ,  0.208053602455 ,  0.0123830710545 ,  -0.0334672321852 ,  0.00308630633007 ,  0.037042409734 ,  -0.0104694261569 ,  0.00207645373769 ,  0.252389992616 ,  0.211888533285 ,  0.0448981830259 ,  -0.0375685801206 ,  0.0634236554701 ,  0.0755584334499 ,  0.0313789841953 ,  0.121369376357 ,  -0.0848568106871 ,  -0.0333333973862 ,  -0.0124111364288 ,  -0.0401180458653 ,  0.0847018002897 ,  -0.00971730074033 ,  -0.0277326698327 ,  0.0690598189053 ,  0.0214968451551 ,  0.067838099591 ,  -0.0348837942828 ,  0.0603033991711 ,  -0.085344702437 ,  -0.00842672754034 ,  -0.00418611212052 ,  -0.02467142039 ,  -0.0159811007081 ,  0.12057207887 ,  -0.00186702247249 ,  0.0627140130121 ,  -0.0031952240479 ,  0.0271240494152 ,  0.0794469417169
BEAT ,  0.164487416915 ,  0.161679560524 ,  0.0600309494983 ,  1.0 ,  0.146947140441 ,  1.0 ,  0.0493269789718 ,  0.122885282366 ,  0.0852709244947 ,  0.239587399924 ,  0.105322694272 ,  -0.00614615728119 ,  0.192348170052 ,  0.12436477959 ,  0.0393322577415 ,  0.081202853411 ,  0.0143673718269 ,  0.0820270495208 ,  0.112468662703 ,  0.19309130546 ,  0.244429962056 ,  0.0545276585183 ,  0.0459354073526 ,  0.349086761704 ,  0.0676059568136 ,  0.159464063581 ,  -0.0222708902002 ,  0.0872915217422 ,  0.0722504806391 ,  0.104574115832 ,  0.377460897601 ,  0.43942104625 ,  0.137675539851 ,  0.0957627281831 ,  0.241640325903 ,  0.0713972363181 ,  0.111787179812 ,  0.310986618413 ,  0.0730481697633 ,  0.0989934135617 ,  0.12427692005 ,  0.0506503154893 ,  0.0754120220037 ,  0.0699047454122 ,  0.144038288858 ,  0.182273697779 ,  0.17335094911 ,  0.149376030106 ,  0.0610695269531 ,  0.128629566187 ,  0.024689731716 ,  0.0299726014231 ,  0.157775891114 ,  0.0333163788517 ,  -0.0326310250122 ,  0.238205063366 ,  0.0401360236385 ,  0.130385161493 ,  -0.021551000944 ,  0.137983632352 ,  0.163147594829
BELT ,  0.188244981691 ,  0.168700847287 ,  0.216661705459 ,  0.0493269789718 ,  0.0426175642757 ,  0.0493269789718 ,  1.0 ,  0.126742107972 ,  0.0908154913608 ,  0.106864276504 ,  0.201322351725 ,  0.153704169461 ,  0.110205105574 ,  0.198931952262 ,  0.230266502873 ,  0.146655064787 ,  0.197826444201 ,  0.149382777567 ,  0.283523148338 ,  0.135244965667 ,  0.172119364921 ,  0.142621100935 ,  0.119591417633 ,  0.0972940804307 ,  0.248355982855 ,  0.0794690538008 ,  0.0606784027772 ,  0.21157173838 ,  0.184019553953 ,  0.197830313198 ,  0.0822803549034 ,  -0.0152076642995 ,  -0.0228169707921 ,  0.152355750599 ,  0.128012449689 ,  0.2859114618 ,  0.273651563044 ,  0.195232763464 ,  0.119103156489 ,  0.0445263520911 ,  0.0186436976332 ,  0.170541159635 ,  0.10966749452 ,  0.0464470324851 ,  0.0298362600452 ,  0.186660203373 ,  0.0892883440565 ,  0.235750735258 ,  0.0813665276173 ,  0.0770314406396 ,  0.214314616101 ,  0.132505281823 ,  0.072605053475 ,  0.16573194798 ,  0.10295609717 ,  0.154447651493 ,  0.152387309699 ,  0.0319964769697 ,  0.205665106217 ,  0.189943183751 ,  0.18503857956
BLUDGEON ,  0.291181210013 ,  0.216870847168 ,  0.233147282155 ,  0.122885282366 ,  -0.045222675615 ,  0.122885282366 ,  0.126742107972 ,  1.0 ,  0.133177516379 ,  0.0242831763447 ,  0.244447252861 ,  0.0699906991014 ,  0.097439950638 ,  0.10080544936 ,  0.134961726369 ,  0.169189423181 ,  0.209455191284 ,  0.0266616388398 ,  0.0424241692337 ,  0.0627816264486 ,  0.21755796272 ,  0.2476632395 ,  0.159321232544 ,  0.0763957855641 ,  0.146723380291 ,  0.434001233976 ,  -0.00545710815553 ,  0.187556762799 ,  0.195864267671 ,  0.16682580008 ,  0.127672421974 ,  0.144896606172 ,  0.213866267317 ,  0.36493761108 ,  0.191963559464 ,  -0.0368964378702 ,  0.0643418277151 ,  0.227020081059 ,  0.26314335616 ,  0.25644899901 ,  0.48602594663 ,  0.289958211518 ,  0.156799922641 ,  0.143226072827 ,  0.449445197251 ,  0.182406254986 ,  0.241516302072 ,  0.163642531991 ,  0.179243684872 ,  0.206254686729 ,  0.158915723997 ,  0.157790605549 ,  0.242596953628 ,  0.134887404374 ,  -0.0208839595707 ,  0.105737882186 ,  0.281633349577 ,  0.100715945818 ,  0.0743881091768 ,  0.210954592429 ,  0.0427244305092
BOIL ,  0.0957404674804 ,  0.195383241795 ,  0.104377951295 ,  0.0852709244947 ,  0.030352552011 ,  0.0852709244947 ,  0.0908154913608 ,  0.133177516379 ,  1.0 ,  0.207917419374 ,  0.142812153753 ,  0.0892884059245 ,  0.267395663243 ,  0.138680054941 ,  0.122013016032 ,  0.216080180826 ,  0.142129967117 ,  0.0778268261384 ,  0.0377286424631 ,  0.167499483934 ,  0.113836917067 ,  0.149247470413 ,  0.0937751398623 ,  0.145651301374 ,  0.217496562245 ,  0.0935290431527 ,  0.0852656615405 ,  0.160357863444 ,  0.138619942935 ,  0.157337143654 ,  0.101733364135 ,  0.0522447122313 ,  0.0533483373086 ,  0.133849073708 ,  0.174498974668 ,  0.118354709125 ,  0.139294824812 ,  0.142014567011 ,  0.142079389958 ,  0.0871458822602 ,  0.078947900197 ,  0.120539986606 ,  0.0439717554993 ,  0.0889078580725 ,  -0.00720226564287 ,  0.206204894961 ,  0.133825297612 ,  0.175632429356 ,  0.133757541836 ,  0.170377027331 ,  0.0635221956475 ,  0.152809777397 ,  0.045336732716 ,  0.112016538472 ,  0.0483717999427 ,  0.160674938366 ,  0.179143123122 ,  0.0503087811528 ,  0.058498554848 ,  0.186386254093 ,  0.214308544386
BREAK ,  0.165628221933 ,  0.0714524085577 ,  0.108884893791 ,  0.239587399924 ,  0.244933506403 ,  0.239587399924 ,  0.106864276504 ,  0.0242831763447 ,  0.207917419374 ,  1.0 ,  0.12685265451 ,  0.0796375412911 ,  0.223769366926 ,  0.14634835681 ,  0.0686950093496 ,  0.144041352243 ,  0.0605196649689 ,  0.131315960757 ,  0.0803426010462 ,  0.208873152276 ,  0.194248464513 ,  0.106752249408 ,  -0.00681804552451 ,  0.286135670631 ,  0.0671311024993 ,  0.0662864833569 ,  0.0259372232325 ,  0.149530711955 ,  0.0682314093508 ,  0.151448893354 ,  0.242312697612 ,  0.186399767634 ,  0.0253870621463 ,  0.0847583241637 ,  0.256619415557 ,  0.0910683819919 ,  0.192176382676 ,  0.264714590829 ,  0.0232194441955 ,  -0.00250384932017 ,  0.0109753531421 ,  0.0357071164912 ,  0.171785951904 ,  0.0214570551532 ,  0.0421912531219 ,  0.213299660767 ,  0.125828434413 ,  0.182352335668 ,  0.0317106536424 ,  0.231567106568 ,  0.0243418402524 ,  0.0347499715128 ,  0.0706475774487 ,  0.0240986528282 ,  0.040040597075 ,  0.303007729961 ,  0.0499727271659 ,  0.0976645047403 ,  0.014446651896 ,  0.14280930489 ,  0.189656040545
BRUISE ,  0.169000257802 ,  0.247027008522 ,  0.337504291866 ,  0.105322694272 ,  0.0232371975128 ,  0.105322694272 ,  0.201322351725 ,  0.244447252861 ,  0.142812153753 ,  0.12685265451 ,  1.0 ,  0.0886189452709 ,  0.267566293366 ,  0.166362092425 ,  0.27325817147 ,  0.249226508029 ,  0.244966753271 ,  0.0243443418484 ,  0.0410347691025 ,  0.199326365768 ,  0.30182023798 ,  0.247318887298 ,  0.220696287754 ,  0.158255416447 ,  0.332807776443 ,  0.192824385527 ,  0.179166991158 ,  0.487448693154 ,  0.584258262311 ,  0.250838886201 ,  0.120058393383 ,  0.078077642962 ,  0.163804856465 ,  0.28056158849 ,  0.189641251854 ,  0.178527807505 ,  0.292480423308 ,  0.267840871125 ,  0.154270454541 ,  0.173418805472 ,  0.165924386445 ,  0.325665006735 ,  0.202192584698 ,  0.212275905351 ,  0.166929477764 ,  0.237474648516 ,  0.30743247346 ,  0.239397354707 ,  0.250452636337 ,  0.195404055892 ,  0.244871752611 ,  0.214429483996 ,  0.219977129737 ,  0.228807719971 ,  0.0966457841613 ,  0.108861877278 ,  0.222891285088 ,  0.137481096408 ,  0.381894144351 ,  0.195606469225 ,  0.268447897247
BUFFET ,  0.167349073713 ,  0.0858459308442 ,  0.139460470713 ,  -0.00614615728119 ,  -0.0316050559293 ,  -0.00614615728119 ,  0.153704169461 ,  0.0699906991014 ,  0.0892884059245 ,  0.0796375412911 ,  0.0886189452709 ,  1.0 ,  0.0634640369826 ,  0.084939137755 ,  0.0683162267052 ,  0.163202695541 ,  0.111916010935 ,  0.0151168842427 ,  0.244899940431 ,  0.0800491015303 ,  0.123249580972 ,  0.114650752988 ,  0.122320593963 ,  0.0513263890152 ,  0.118343895763 ,  0.0469582261113 ,  0.0744567006689 ,  0.056624388737 ,  0.0681430050314 ,  0.151995276835 ,  -0.00302175376428 ,  -0.0812432209839 ,  -0.079960926283 ,  0.128993791205 ,  0.0594546699886 ,  0.119960987404 ,  0.129992126297 ,  0.051649195759 ,  0.079812590557 ,  -0.0121401949104 ,  -0.0295895270075 ,  0.176805180636 ,  0.0329999506958 ,  -0.0135495840539 ,  0.0053483726903 ,  0.161170820033 ,  0.06635236622 ,  0.125499446301 ,  0.0437863085913 ,  0.0478952928297 ,  0.139394102416 ,  0.122485144585 ,  0.072164645544 ,  0.112756019707 ,  0.192197169313 ,  0.0859321857796 ,  0.123219512134 ,  -0.00267716170923 ,  0.174440345931 ,  0.117036441979 ,  0.0779304197603
BURN ,  0.152396481942 ,  0.157867466119 ,  0.152549708784 ,  0.192348170052 ,  0.0754032738127 ,  0.192348170052 ,  0.110205105574 ,  0.097439950638 ,  0.267395663243 ,  0.223769366926 ,  0.267566293366 ,  0.0634640369826 ,  1.0 ,  0.156948200556 ,  0.215540511089 ,  0.297126001675 ,  0.206505536607 ,  0.0640066114032 ,  0.0550172164268 ,  0.27240486143 ,  0.205137030098 ,  0.0914338602072 ,  0.0360751468835 ,  0.243783462649 ,  0.18279646237 ,  0.149833627117 ,  0.15052941112 ,  0.29009544326 ,  0.187432373811 ,  0.176084051962 ,  0.19238872642 ,  0.137725740119 ,  0.139839643974 ,  0.138120289285 ,  0.262794487155 ,  0.124120325852 ,  0.218322345173 ,  0.287076124749 ,  0.141733831974 ,  0.177093798651 ,  0.121553645173 ,  0.140020765575 ,  0.218633120252 ,  0.153088707759 ,  0.0613257623976 ,  0.286035990925 ,  0.15030984986 ,  0.263683774278 ,  0.149886525209 ,  0.210042091543 ,  0.0945923719323 ,  0.106742874489 ,  0.125406053038 ,  0.106844720446 ,  0.127629801681 ,  0.207496956155 ,  0.157614038462 ,  0.220981341026 ,  0.0822431973957 ,  0.18050873661 ,  0.229718289684
BUTT ,  0.128643349073 ,  0.15280434295 ,  0.184206856669 ,  0.12436477959 ,  0.0555437608393 ,  0.12436477959 ,  0.198931952262 ,  0.10080544936 ,  0.138680054941 ,  0.14634835681 ,  0.166362092425 ,  0.084939137755 ,  0.156948200556 ,  1.0 ,  0.100175588791 ,  0.203161190607 ,  0.220146771998 ,  0.0440495263832 ,  0.120024605077 ,  0.188860896808 ,  0.0963479210232 ,  0.0805935048022 ,  0.1756798702 ,  0.0488958520167 ,  0.209738632557 ,  0.11656197612 ,  0.084712861401 ,  0.135984856507 ,  0.177480045682 ,  0.192328551421 ,  0.0349707691706 ,  0.0531293161919 ,  0.053529728439 ,  0.11214751313 ,  0.216975051629 ,  0.204773368483 ,  0.200641994532 ,  0.242827833953 ,  0.235267814924 ,  0.0396362678161 ,  0.0285041266632 ,  0.151935055184 ,  0.0772064115554 ,  0.0289500147467 ,  0.0434750789441 ,  0.212180057016 ,  0.126226252236 ,  0.126584675749 ,  0.13489185944 ,  0.125278860365 ,  0.203597633589 ,  0.0139699142935 ,  0.13353017081 ,  0.144353775397 ,  0.120488652246 ,  0.0786301194698 ,  0.080920357765 ,  0.0885318544138 ,  0.137363051065 ,  0.140337230558 ,  0.14728143925
CANE ,  0.127377383541 ,  0.240520978783 ,  0.239045885535 ,  0.0393322577415 ,  0.022444853294 ,  0.0393322577415 ,  0.230266502873 ,  0.134961726369 ,  0.122013016032 ,  0.0686950093496 ,  0.27325817147 ,  0.0683162267052 ,  0.215540511089 ,  0.100175588791 ,  1.0 ,  0.248434384936 ,  0.125025998696 ,  0.053409178687 ,  0.0835528748109 ,  0.190045803539 ,  0.125662784066 ,  0.140998170457 ,  0.0896449559176 ,  0.0889949215918 ,  0.174988319508 ,  0.117146785893 ,  0.107848357944 ,  0.197819915114 ,  0.23899431581 ,  0.167828695726 ,  0.0688989726623 ,  0.0214071988689 ,  0.0639242111407 ,  0.160445257001 ,  0.0734036570236 ,  0.152953701614 ,  0.268712282104 ,  0.132060119358 ,  0.122822676354 ,  0.133113670064 ,  0.0734441759988 ,  0.177716140238 ,  0.158756192754 ,  0.161880318191 ,  0.0675635951506 ,  0.15750473364 ,  0.135749037036 ,  0.142287183743 ,  0.126336971076 ,  0.0857489689694 ,  0.265958912512 ,  0.20124540288 ,  0.0956349468239 ,  0.162690824219 ,  0.192664083853 ,  0.0980769958711 ,  0.127705847636 ,  0.142240706095 ,  0.211056445315 ,  0.147740680638 ,  0.142008788366
CHOP ,  0.0908790914019 ,  0.203999702199 ,  0.152976909558 ,  0.081202853411 ,  0.0431731684383 ,  0.081202853411 ,  0.146655064787 ,  0.169189423181 ,  0.216080180826 ,  0.144041352243 ,  0.249226508029 ,  0.163202695541 ,  0.297126001675 ,  0.203161190607 ,  0.248434384936 ,  1.0 ,  0.273510290257 ,  0.00732413272057 ,  0.0640447495587 ,  0.238107145579 ,  0.11506175722 ,  0.111250130294 ,  0.0833058840838 ,  0.230142233138 ,  0.236617428761 ,  0.163434523724 ,  0.0822962112352 ,  0.189466504499 ,  0.217192242349 ,  0.238075041871 ,  0.112333068239 ,  0.0176341720039 ,  0.0556439391079 ,  0.166272080187 ,  0.25708082584 ,  0.127782591009 ,  0.206644119059 ,  0.317831645939 ,  0.166457185623 ,  0.127933310459 ,  0.100094234475 ,  0.230202427764 ,  0.130788997332 ,  0.136765678638 ,  0.110934605377 ,  0.220737588833 ,  0.235386002975 ,  0.322489979485 ,  0.173722182831 ,  0.247943527219 ,  0.168606577389 ,  0.227166489451 ,  0.0673014643358 ,  0.045559789228 ,  0.142032237635 ,  0.0656397877716 ,  0.130069056076 ,  0.0919749485319 ,  0.133633890779 ,  0.264414094556 ,  0.186192044453
CLAW ,  0.0935015063032 ,  0.199873626311 ,  0.225737755694 ,  0.0143673718269 ,  -0.00955857440778 ,  0.0143673718269 ,  0.197826444201 ,  0.209455191284 ,  0.142129967117 ,  0.0605196649689 ,  0.244966753271 ,  0.111916010935 ,  0.206505536607 ,  0.220146771998 ,  0.125025998696 ,  0.273510290257 ,  1.0 ,  0.0646218122468 ,  0.0831556404331 ,  0.16635066911 ,  0.0482609885751 ,  0.151704675384 ,  0.195922772205 ,  0.118904859746 ,  0.35883354371 ,  0.130888749076 ,  0.13671376901 ,  0.216502520143 ,  0.24124561784 ,  0.251577028701 ,  0.0333749240738 ,  -0.0431407918188 ,  0.00537648397814 ,  0.25880391462 ,  0.185253809666 ,  0.125184361361 ,  0.200151437432 ,  0.217675793798 ,  0.275345266274 ,  0.103284678677 ,  0.0986696726083 ,  0.219581436342 ,  0.0550637206947 ,  0.13150251959 ,  0.0764528624461 ,  0.199226352739 ,  0.189361483488 ,  0.196309893827 ,  0.17042955099 ,  0.187112661823 ,  0.153585650444 ,  0.0877992807317 ,  0.188721937177 ,  0.0749105909176 ,  0.0889961187137 ,  0.131966143961 ,  0.238321003969 ,  0.0495068443355 ,  0.166510985396 ,  0.199496225592 ,  0.146890193984
CLOUT ,  0.113399543347 ,  0.119046797366 ,  -0.0213798563254 ,  0.0820270495208 ,  0.0989743228389 ,  0.0820270495208 ,  0.149382777567 ,  0.0266616388398 ,  0.0778268261384 ,  0.131315960757 ,  0.0243443418484 ,  0.0151168842427 ,  0.0640066114032 ,  0.0440495263832 ,  0.053409178687 ,  0.00732413272057 ,  0.0646218122468 ,  1.0 ,  0.153230348549 ,  0.0768441267544 ,  0.015975531496 ,  0.265703634103 ,  -0.140618174673 ,  0.0852336257156 ,  0.0531103258411 ,  -0.0867396497301 ,  0.142272654323 ,  0.117486136446 ,  0.107494175602 ,  0.124768492013 ,  0.0479749343565 ,  0.12868432288 ,  -0.0405939320043 ,  0.189199266892 ,  0.0945319022357 ,  0.0391824962848 ,  0.137802667242 ,  0.022019554563 ,  0.10850788194 ,  0.0253463168337 ,  -0.0649432384548 ,  0.00177885607742 ,  0.0778153921868 ,  0.0124797709979 ,  -0.135523242018 ,  0.138609838539 ,  0.0510363759065 ,  0.0684888725472 ,  0.107848745304 ,  0.000281380730191 ,  0.0278760394546 ,  0.0025721230365 ,  0.0140468785085 ,  0.120484689418 ,  0.0707377571239 ,  0.125717716318 ,  0.178280039359 ,  0.161956677684 ,  0.0475359570039 ,  0.091640584188 ,  0.142436863989
CLUB ,  0.191103469857 ,  0.0669306267328 ,  0.139150547499 ,  0.112468662703 ,  0.104522328186 ,  0.112468662703 ,  0.283523148338 ,  0.0424241692337 ,  0.0377286424631 ,  0.0803426010462 ,  0.0410347691025 ,  0.244899940431 ,  0.0550172164268 ,  0.120024605077 ,  0.0835528748109 ,  0.0640447495587 ,  0.0831556404331 ,  0.153230348549 ,  1.0 ,  0.0977759498867 ,  0.108341900577 ,  0.131707399748 ,  0.0444766654091 ,  0.086987215151 ,  0.152644892359 ,  0.0564692241988 ,  0.00364675563276 ,  0.0599581530172 ,  0.0906968616646 ,  0.118525669339 ,  0.0833316958664 ,  0.0182614596729 ,  -0.0415350225316 ,  0.066629675575 ,  0.0850256716402 ,  0.216880653826 ,  0.223754761949 ,  0.0407595861109 ,  0.0228851947009 ,  -0.0370003847069 ,  -0.0214914790683 ,  0.038952980673 ,  0.0385720287688 ,  -0.0201710653952 ,  -0.0750675892581 ,  0.0972816328045 ,  0.0374315792956 ,  0.0970986165846 ,  0.0675659548157 ,  -0.0226872598639 ,  0.104086672326 ,  0.00851350293307 ,  0.0375660672283 ,  0.06274335655 ,  0.130622852632 ,  0.170250905484 ,  0.0274592238762 ,  0.0296592418665 ,  0.121652334458 ,  0.109002527816 ,  0.150705732101
CRACK ,  0.113274629091 ,  0.168253226052 ,  0.0965396373531 ,  0.19309130546 ,  0.0718690020026 ,  0.19309130546 ,  0.135244965667 ,  0.0627816264486 ,  0.167499483934 ,  0.208873152276 ,  0.199326365768 ,  0.0800491015303 ,  0.27240486143 ,  0.188860896808 ,  0.190045803539 ,  0.238107145579 ,  0.16635066911 ,  0.0768441267544 ,  0.0977759498867 ,  1.0 ,  0.122993297814 ,  0.0802866243439 ,  0.0829008673625 ,  0.189521309084 ,  0.14277953773 ,  0.12083917684 ,  0.123297081315 ,  0.237607156983 ,  0.200680856294 ,  0.183249152568 ,  0.130501898744 ,  0.0663655820435 ,  0.0560648477382 ,  0.191669383938 ,  0.22150204817 ,  0.167530050674 ,  0.189910106492 ,  0.256107916764 ,  0.12421875386 ,  0.177899730109 ,  0.0677271729784 ,  0.112115401293 ,  0.158776477574 ,  0.127239627017 ,  0.0219796725159 ,  0.224195944781 ,  0.191990139936 ,  0.138599312836 ,  0.123162186445 ,  0.199038353116 ,  0.135280336064 ,  0.206450091935 ,  0.187964174524 ,  0.196507235594 ,  0.135012446793 ,  0.189718353188 ,  0.203756569537 ,  0.23241962011 ,  0.102782769701 ,  0.0870337219141 ,  0.201678666946
CRUSH ,  0.308759481425 ,  0.18041390257 ,  0.155591853347 ,  0.244429962056 ,  0.0599447501792 ,  0.244429962056 ,  0.172119364921 ,  0.21755796272 ,  0.113836917067 ,  0.194248464513 ,  0.30182023798 ,  0.123249580972 ,  0.205137030098 ,  0.0963479210232 ,  0.125662784066 ,  0.11506175722 ,  0.0482609885751 ,  0.015975531496 ,  0.108341900577 ,  0.122993297814 ,  1.0 ,  0.137296760278 ,  0.0711257094853 ,  0.126702307483 ,  0.0845997440331 ,  0.177642215339 ,  0.0521583863075 ,  0.168286297446 ,  0.205196335154 ,  0.153212042607 ,  0.18258125267 ,  0.157913003317 ,  0.229763745155 ,  0.194037600041 ,  0.17684722375 ,  0.10859718713 ,  0.161367617056 ,  0.259344341542 ,  0.115076985717 ,  0.116901297424 ,  0.216959754097 ,  0.129563344014 ,  0.224994839659 ,  0.194454559304 ,  0.221186980881 ,  0.176466629682 ,  0.249477531965 ,  0.194105616227 ,  0.139987189419 ,  0.234262611052 ,  0.145391664187 ,  0.157090454643 ,  0.218304156683 ,  0.123673170839 ,  0.0129799194179 ,  0.206734389725 ,  0.220288159859 ,  0.126616081618 ,  0.210236447294 ,  0.133954231283 ,  0.120703970353
CUDGEL ,  0.171557768463 ,  0.188438860765 ,  0.219059084798 ,  0.0545276585183 ,  0.0489075910071 ,  0.0545276585183 ,  0.142621100935 ,  0.2476632395 ,  0.149247470413 ,  0.106752249408 ,  0.247318887298 ,  0.114650752988 ,  0.0914338602072 ,  0.0805935048022 ,  0.140998170457 ,  0.111250130294 ,  0.151704675384 ,  0.265703634103 ,  0.131707399748 ,  0.0802866243439 ,  0.137296760278 ,  1.0 ,  0.0572251124913 ,  0.0825373314628 ,  0.197953577229 ,  0.0557235899551 ,  0.168388977833 ,  0.224166064604 ,  0.373548505109 ,  0.185489739413 ,  0.0828413295411 ,  0.0490624602838 ,  -0.0401028858147 ,  0.314781665964 ,  0.111717390021 ,  0.0569391747523 ,  0.18242986735 ,  0.0925505197161 ,  0.168317057921 ,  0.0671456347412 ,  0.0358260174576 ,  0.155075049744 ,  0.0450777017564 ,  0.0866741633156 ,  -0.0403089909642 ,  0.160478027645 ,  0.159946249446 ,  0.162765923904 ,  0.190697084179 ,  0.0586305029211 ,  0.147321909588 ,  0.0512221097127 ,  0.0823267575182 ,  0.161501271945 ,  0.0911839962659 ,  0.128747799275 ,  0.19074136414 ,  0.0601945098254 ,  0.253599368318 ,  0.142769922985 ,  0.150414365971
CUFF ,  0.0801634280107 ,  0.16046499436 ,  0.213439024759 ,  0.0459354073526 ,  -0.0356122736179 ,  0.0459354073526 ,  0.119591417633 ,  0.159321232544 ,  0.0937751398623 ,  -0.00681804552451 ,  0.220696287754 ,  0.122320593963 ,  0.0360751468835 ,  0.1756798702 ,  0.0896449559176 ,  0.0833058840838 ,  0.195922772205 ,  -0.140618174673 ,  0.0444766654091 ,  0.0829008673625 ,  0.0711257094853 ,  0.0572251124913 ,  1.0 ,  -0.00257834023004 ,  0.280209246463 ,  0.196859806037 ,  0.142702673715 ,  0.204806742419 ,  0.211704772987 ,  0.142214172169 ,  -0.0347950154042 ,  -0.0612770574813 ,  0.0382613876688 ,  0.203026150274 ,  0.107453982507 ,  0.136161236362 ,  0.123537034238 ,  0.104981661633 ,  0.108672047322 ,  0.0827457614637 ,  0.136146231156 ,  0.222201008795 ,  0.0236318697755 ,  0.0685566231889 ,  0.140352736118 ,  0.142646843494 ,  0.135521319116 ,  0.0472681182036 ,  0.094123310947 ,  0.0861241636412 ,  0.165000482411 ,  0.149513863264 ,  0.145534811415 ,  0.144025712113 ,  0.0911755210016 ,  -0.0232691045452 ,  0.202145695525 ,  0.0630766982859 ,  0.145966909274 ,  0.097926902206 ,  0.0367421194474
CUT ,  0.102645116555 ,  0.0879800070877 ,  0.0887834890041 ,  0.349086761704 ,  0.208053602455 ,  0.349086761704 ,  0.0972940804307 ,  0.0763957855641 ,  0.145651301374 ,  0.286135670631 ,  0.158255416447 ,  0.0513263890152 ,  0.243783462649 ,  0.0488958520167 ,  0.0889949215918 ,  0.230142233138 ,  0.118904859746 ,  0.0852336257156 ,  0.086987215151 ,  0.189521309084 ,  0.126702307483 ,  0.0825373314628 ,  -0.00257834023004 ,  1.0 ,  0.105116625462 ,  0.0805717049378 ,  0.0392006264134 ,  0.1583541306 ,  0.140591226554 ,  0.097251524678 ,  0.369512585053 ,  0.256614301643 ,  0.0590137232226 ,  0.0957598321363 ,  0.260214696535 ,  0.093035695172 ,  0.193029677128 ,  0.248795420149 ,  0.0275330561923 ,  0.0678744276487 ,  0.0492392460653 ,  0.0868094610347 ,  0.108892215419 ,  0.00787426753637 ,  0.0116067830136 ,  0.218881625115 ,  0.171954385719 ,  0.264827543829 ,  0.0244660048062 ,  0.19246192002 ,  0.00602448861377 ,  0.0473351558952 ,  0.0537125504054 ,  0.0535380980685 ,  0.0208662705858 ,  0.247526154943 ,  0.0937423527526 ,  0.12120920742 ,  0.0283598250128 ,  0.11587377685 ,  0.164787414437
ELBOW ,  0.11452956815 ,  0.18809806322 ,  0.212801795151 ,  0.0676059568136 ,  0.0123830710545 ,  0.0676059568136 ,  0.248355982855 ,  0.146723380291 ,  0.217496562245 ,  0.0671311024993 ,  0.332807776443 ,  0.118343895763 ,  0.18279646237 ,  0.209738632557 ,  0.174988319508 ,  0.236617428761 ,  0.35883354371 ,  0.0531103258411 ,  0.152644892359 ,  0.14277953773 ,  0.0845997440331 ,  0.197953577229 ,  0.280209246463 ,  0.105116625462 ,  1.0 ,  0.0842993314638 ,  0.159645302454 ,  0.273555378235 ,  0.240710019835 ,  0.232097505174 ,  0.0500779419773 ,  -0.0132237978694 ,  -0.0132578919986 ,  0.261742351722 ,  0.161809212972 ,  0.487354842158 ,  0.260078602428 ,  0.143597379787 ,  0.14159410933 ,  0.0161939259773 ,  0.00808322424046 ,  0.197446025542 ,  0.0689791999104 ,  0.117449963093 ,  -0.00730217688794 ,  0.235028589011 ,  0.149422306636 ,  0.183587764642 ,  0.116441208812 ,  0.0996109403159 ,  0.154699621975 ,  0.169676922639 ,  0.160040546665 ,  0.177884153509 ,  0.0554377764567 ,  0.0973532632154 ,  0.226044033746 ,  0.0969022323902 ,  0.150891360757 ,  0.189138673774 ,  0.186447209078
ELECTROCUTE ,  0.207078020834 ,  0.212837066981 ,  0.126880689949 ,  0.159464063581 ,  -0.0334672321852 ,  0.159464063581 ,  0.0794690538008 ,  0.434001233976 ,  0.0935290431527 ,  0.0662864833569 ,  0.192824385527 ,  0.0469582261113 ,  0.149833627117 ,  0.11656197612 ,  0.117146785893 ,  0.163434523724 ,  0.130888749076 ,  -0.0867396497301 ,  0.0564692241988 ,  0.12083917684 ,  0.177642215339 ,  0.0557235899551 ,  0.196859806037 ,  0.0805717049378 ,  0.0842993314638 ,  1.0 ,  -0.00619496141986 ,  0.147577618322 ,  0.145199881642 ,  0.174120412448 ,  0.148961811774 ,  0.139523080943 ,  0.264739901001 ,  0.253349117503 ,  0.183619361899 ,  0.0253468303476 ,  0.106853253246 ,  0.205837650008 ,  0.198351424141 ,  0.298728682874 ,  0.451561284214 ,  0.286322227773 ,  0.15459848682 ,  0.163585029467 ,  0.472867336106 ,  0.190588696541 ,  0.202251447915 ,  0.141219838646 ,  0.170039123487 ,  0.22493265147 ,  0.128162818006 ,  0.15563496843 ,  0.238083238422 ,  0.0654012727005 ,  -0.011129035757 ,  0.0890260427024 ,  0.156313253616 ,  0.141901338675 ,  0.0166313289199 ,  0.157901665536 ,  0.0455148706953
ELECTROCUTION ,  0.00566133670053 ,  0.102786591408 ,  0.124785382308 ,  -0.0222708902002 ,  0.00308630633007 ,  -0.0222708902002 ,  0.0606784027772 ,  -0.00545710815553 ,  0.0852656615405 ,  0.0259372232325 ,  0.179166991158 ,  0.0744567006689 ,  0.15052941112 ,  0.084712861401 ,  0.107848357944 ,  0.0822962112352 ,  0.13671376901 ,  0.142272654323 ,  0.00364675563276 ,  0.123297081315 ,  0.0521583863075 ,  0.168388977833 ,  0.142702673715 ,  0.0392006264134 ,  0.159645302454 ,  -0.00619496141986 ,  1.0 ,  0.19829360288 ,  0.20831813872 ,  0.115963482123 ,  0.0139748729712 ,  -0.0156633501911 ,  0.0477375719211 ,  0.163208647383 ,  0.0242772166052 ,  0.054129608324 ,  0.133080599009 ,  0.0217406411784 ,  0.108429375151 ,  0.247703981005 ,  0.0228150782416 ,  0.068881401871 ,  0.174961489112 ,  0.0916961428555 ,  -0.14332695274 ,  0.131987254058 ,  0.00429577374972 ,  0.037964935413 ,  0.0681451751687 ,  0.00172070030558 ,  0.0233804987422 ,  0.130201305683 ,  0.0518946001302 ,  0.135480985182 ,  0.118137157219 ,  0.0572240224373 ,  0.149951675557 ,  0.261890964043 ,  0.088824747132 ,  0.043611477436 ,  0.111007299012
FRACTURE ,  0.141674659256 ,  0.239276458763 ,  0.272849901348 ,  0.0872915217422 ,  0.037042409734 ,  0.0872915217422 ,  0.21157173838 ,  0.187556762799 ,  0.160357863444 ,  0.149530711955 ,  0.487448693154 ,  0.056624388737 ,  0.29009544326 ,  0.135984856507 ,  0.197819915114 ,  0.189466504499 ,  0.216502520143 ,  0.117486136446 ,  0.0599581530172 ,  0.237607156983 ,  0.168286297446 ,  0.224166064604 ,  0.204806742419 ,  0.1583541306 ,  0.273555378235 ,  0.147577618322 ,  0.19829360288 ,  1.0 ,  0.480005062727 ,  0.165493984417 ,  0.143755525631 ,  0.131403336766 ,  0.170215411111 ,  0.300001707472 ,  0.209968643858 ,  0.154734625607 ,  0.262767835481 ,  0.193311235078 ,  0.14483729409 ,  0.192279259432 ,  0.138313709679 ,  0.203611962639 ,  0.237452280811 ,  0.222228854367 ,  0.129120472953 ,  0.280256517793 ,  0.220443328427 ,  0.274125618653 ,  0.2551260809 ,  0.204826923454 ,  0.216994836726 ,  0.140917475172 ,  0.187933046176 ,  0.185692582657 ,  0.115816441816 ,  0.168193185285 ,  0.261072444173 ,  0.188725247665 ,  0.243845661266 ,  0.161836524746 ,  0.3291340746
GASH ,  0.137637192663 ,  0.244997406764 ,  0.316462870547 ,  0.0722504806391 ,  -0.0104694261569 ,  0.0722504806391 ,  0.184019553953 ,  0.195864267671 ,  0.138619942935 ,  0.0682314093508 ,  0.584258262311 ,  0.0681430050314 ,  0.187432373811 ,  0.177480045682 ,  0.23899431581 ,  0.217192242349 ,  0.24124561784 ,  0.107494175602 ,  0.0906968616646 ,  0.200680856294 ,  0.205196335154 ,  0.373548505109 ,  0.211704772987 ,  0.140591226554 ,  0.240710019835 ,  0.145199881642 ,  0.20831813872 ,  0.480005062727 ,  1.0 ,  0.234027671778 ,  0.0813033441912 ,  0.0516875200914 ,  0.0506531802466 ,  0.313348563372 ,  0.205051355651 ,  0.102680333356 ,  0.297238797848 ,  0.185462125504 ,  0.185472577666 ,  0.0829907913606 ,  0.087837274703 ,  0.321924199002 ,  0.107247769807 ,  0.146157430677 ,  0.0480835645178 ,  0.22002540068 ,  0.346023690232 ,  0.24152184815 ,  0.313710668993 ,  0.136815507573 ,  0.304244465858 ,  0.132238290434 ,  0.209400536093 ,  0.188173613148 ,  0.148288209893 ,  0.078392532874 ,  0.213385997263 ,  0.092349922203 ,  0.464743477732 ,  0.172540549613 ,  0.272238217341
HAMMER ,  0.201625843354 ,  0.180044944865 ,  0.171154128918 ,  0.104574115832 ,  0.00207645373769 ,  0.104574115832 ,  0.197830313198 ,  0.16682580008 ,  0.157337143654 ,  0.151448893354 ,  0.250838886201 ,  0.151995276835 ,  0.176084051962 ,  0.192328551421 ,  0.167828695726 ,  0.238075041871 ,  0.251577028701 ,  0.124768492013 ,  0.118525669339 ,  0.183249152568 ,  0.153212042607 ,  0.185489739413 ,  0.142214172169 ,  0.097251524678 ,  0.232097505174 ,  0.174120412448 ,  0.115963482123 ,  0.165493984417 ,  0.234027671778 ,  1.0 ,  0.117487499035 ,  0.056834799731 ,  0.0343069110579 ,  0.232930263541 ,  0.212716296967 ,  0.117475549585 ,  0.225088174584 ,  0.264417171563 ,  0.276507738117 ,  0.046623880878 ,  0.0751921444594 ,  0.25170111027 ,  0.0213841002911 ,  0.0301962534108 ,  0.0867135772071 ,  0.226398115404 ,  0.212666997177 ,  0.164746727834 ,  0.0924137810577 ,  0.136048858463 ,  0.219493227446 ,  0.136619989357 ,  0.121388310374 ,  0.194711468871 ,  0.145634341182 ,  0.150154687339 ,  0.212084779191 ,  0.0841149019337 ,  0.172982366914 ,  0.212767243935 ,  0.16749893123
HIT ,  0.146134018915 ,  0.107126364274 ,  0.0810333857913 ,  0.377460897601 ,  0.252389992616 ,  0.377460897601 ,  0.0822803549034 ,  0.127672421974 ,  0.101733364135 ,  0.242312697612 ,  0.120058393383 ,  -0.00302175376428 ,  0.19238872642 ,  0.0349707691706 ,  0.0688989726623 ,  0.112333068239 ,  0.0333749240738 ,  0.0479749343565 ,  0.0833316958664 ,  0.130501898744 ,  0.18258125267 ,  0.0828413295411 ,  -0.0347950154042 ,  0.369512585053 ,  0.0500779419773 ,  0.148961811774 ,  0.0139748729712 ,  0.143755525631 ,  0.0813033441912 ,  0.117487499035 ,  1.0 ,  0.428582083267 ,  0.166605796838 ,  0.0733801031827 ,  0.197086659049 ,  0.0389494013448 ,  0.138640164861 ,  0.274871600164 ,  0.050706897658 ,  0.0851270639996 ,  0.0846753762666 ,  0.0686283680065 ,  0.12236143517 ,  0.0455612571198 ,  0.167681896926 ,  0.183094645705 ,  0.159995105796 ,  0.173089337783 ,  0.0341892932481 ,  0.210357826123 ,  -0.01216180449 ,  0.00847364850211 ,  0.0803633581714 ,  0.0338408869399 ,  0.0104623052086 ,  0.297149254409 ,  0.0320797485475 ,  0.0857401094468 ,  0.0314889279064 ,  0.126955114788 ,  0.148281307579
HURT ,  0.184018173332 ,  0.108182212062 ,  0.00106113653615 ,  0.43942104625 ,  0.211888533285 ,  0.43942104625 ,  -0.0152076642995 ,  0.144896606172 ,  0.0522447122313 ,  0.186399767634 ,  0.078077642962 ,  -0.0812432209839 ,  0.137725740119 ,  0.0531293161919 ,  0.0214071988689 ,  0.0176341720039 ,  -0.0431407918188 ,  0.12868432288 ,  0.0182614596729 ,  0.0663655820435 ,  0.157913003317 ,  0.0490624602838 ,  -0.0612770574813 ,  0.256614301643 ,  -0.0132237978694 ,  0.139523080943 ,  -0.0156633501911 ,  0.131403336766 ,  0.0516875200914 ,  0.056834799731 ,  0.428582083267 ,  1.0 ,  0.300800394893 ,  0.0379155860799 ,  0.132734085284 ,  0.0183776806245 ,  0.0697096360416 ,  0.207699013605 ,  -0.0247422719535 ,  0.158771185449 ,  0.170100309713 ,  0.0236546005183 ,  0.177239089211 ,  0.0915540576436 ,  0.159012904403 ,  0.120824711306 ,  0.0991582069417 ,  0.0636470748903 ,  0.0501317831923 ,  0.0902922153838 ,  -0.0611357507399 ,  -0.0060692564488 ,  0.0661478419269 ,  0.0703724482803 ,  -0.102021199596 ,  0.188091898403 ,  -0.0143113077561 ,  0.101380262028 ,  -0.0562723398255 ,  0.0688244355729 ,  0.0881748487027
INJURE ,  0.241417320286 ,  0.175657869576 ,  0.05277093099 ,  0.137675539851 ,  0.0448981830259 ,  0.137675539851 ,  -0.0228169707921 ,  0.213866267317 ,  0.0533483373086 ,  0.0253870621463 ,  0.163804856465 ,  -0.079960926283 ,  0.139839643974 ,  0.053529728439 ,  0.0639242111407 ,  0.0556439391079 ,  0.00537648397814 ,  -0.0405939320043 ,  -0.0415350225316 ,  0.0560648477382 ,  0.229763745155 ,  -0.0401028858147 ,  0.0382613876688 ,  0.0590137232226 ,  -0.0132578919986 ,  0.264739901001 ,  0.0477375719211 ,  0.170215411111 ,  0.0506531802466 ,  0.0343069110579 ,  0.166605796838 ,  0.300800394893 ,  1.0 ,  0.0945965979633 ,  0.114282641625 ,  0.00699571183968 ,  0.0429366438725 ,  0.159694700406 ,  0.0323442166779 ,  0.423205361476 ,  0.434902683043 ,  0.0789397967392 ,  0.293423082432 ,  0.22768654962 ,  0.367603415144 ,  0.0948028989043 ,  0.0980154545167 ,  0.0463758509043 ,  0.0938161460982 ,  0.171901918097 ,  0.068548040082 ,  0.057009144242 ,  0.238034861055 ,  0.0126416945195 ,  -0.0760533489402 ,  0.114354507552 ,  0.0702378350324 ,  0.10873354495 ,  -0.0497956879888 ,  0.0414448122101 ,  0.0363532345339
JAB ,  0.363717244397 ,  0.265338106387 ,  0.21958248464 ,  0.0957627281831 ,  -0.0375685801206 ,  0.0957627281831 ,  0.152355750599 ,  0.36493761108 ,  0.133849073708 ,  0.0847583241637 ,  0.28056158849 ,  0.128993791205 ,  0.138120289285 ,  0.11214751313 ,  0.160445257001 ,  0.166272080187 ,  0.25880391462 ,  0.189199266892 ,  0.066629675575 ,  0.191669383938 ,  0.194037600041 ,  0.314781665964 ,  0.203026150274 ,  0.0957598321363 ,  0.261742351722 ,  0.253349117503 ,  0.163208647383 ,  0.300001707472 ,  0.313348563372 ,  0.232930263541 ,  0.0733801031827 ,  0.0379155860799 ,  0.0945965979633 ,  1.0 ,  0.193874260093 ,  0.110001666717 ,  0.179126863981 ,  0.211189137206 ,  0.321469164308 ,  0.117224607148 ,  0.198604774598 ,  0.244604268237 ,  0.143197164377 ,  0.153974680836 ,  0.212020252938 ,  0.309868948641 ,  0.344129636674 ,  0.242459384792 ,  0.202292270363 ,  0.18902472684 ,  0.167408637375 ,  0.106743857575 ,  0.350894756568 ,  0.172274906421 ,  0.062034796461 ,  0.153427259488 ,  0.610133762828 ,  0.146029143887 ,  0.193210653325 ,  0.214814307824 ,  0.141466006394
KICK ,  0.240572467992 ,  0.193022335575 ,  0.161077783421 ,  0.241640325903 ,  0.0634236554701 ,  0.241640325903 ,  0.128012449689 ,  0.191963559464 ,  0.174498974668 ,  0.256619415557 ,  0.189641251854 ,  0.0594546699886 ,  0.262794487155 ,  0.216975051629 ,  0.0734036570236 ,  0.25708082584 ,  0.185253809666 ,  0.0945319022357 ,  0.0850256716402 ,  0.22150204817 ,  0.17684722375 ,  0.111717390021 ,  0.107453982507 ,  0.260214696535 ,  0.161809212972 ,  0.183619361899 ,  0.0242772166052 ,  0.209968643858 ,  0.205051355651 ,  0.212716296967 ,  0.197086659049 ,  0.132734085284 ,  0.114282641625 ,  0.193874260093 ,  1.0 ,  0.120280843322 ,  0.205803807501 ,  0.364908176332 ,  0.10682559192 ,  0.0893242405704 ,  0.122741190824 ,  0.158530314611 ,  0.178346471146 ,  0.125321266903 ,  0.0963256772954 ,  0.296102263714 ,  0.311975632588 ,  0.198563102047 ,  0.167435090904 ,  0.237947989949 ,  0.107302830078 ,  0.0531236057022 ,  0.201379385003 ,  0.102150652152 ,  0.0750976470873 ,  0.208663661536 ,  0.122660438931 ,  0.0846918804485 ,  0.111090715436 ,  0.208984683987 ,  0.144397951321
