WORDS  , CONTRITE , CONTRITION , GUILT , GUILTY , PENITENT , REMORSEFUL , REMORSELESS , REMORSE , REPENTANCE , REPENTANT , REPENT , RUEFUL , RUE , SORRY , UNREPENTANT
CONTRITE ,  1.0 ,  0.133513953866 ,  0.0410566281259 ,  0.120307436571 ,  0.0653023388099 ,  0.485055788107 ,  0.29740511257 ,  0.23816728117 ,  0.0911279544567 ,  0.413017010897 ,  0.18548489489 ,  0.373220669759 ,  0.0197041927196 ,  0.156418764 ,  0.446160181045
CONTRITION ,  0.133513953866 ,  1.0 ,  0.287272033228 ,  0.0307438586425 ,  -0.0281657164022 ,  0.170797612169 ,  -0.102307874648 ,  0.502058811737 ,  0.46912593328 ,  -0.0228407276361 ,  0.327623262206 ,  -0.038596248939 ,  0.0523431944028 ,  0.0280685361413 ,  0.0268276350893
GUILT ,  0.0410566281259 ,  0.287272033228 ,  1.0 ,  0.288510555528 ,  0.0185483030907 ,  0.0485410630649 ,  -0.0168994583731 ,  0.46000846983 ,  0.255700638707 ,  -0.0736248338494 ,  0.223297104342 ,  -0.0102147573514 ,  -0.0425623599121 ,  0.118696353292 ,  -0.0362352440984
GUILTY ,  0.120307436571 ,  0.0307438586425 ,  0.288510555528 ,  1.0 ,  -0.0178625678962 ,  0.148061238253 ,  0.0570969780855 ,  0.241128358611 ,  0.0312603642281 ,  0.0996939567538 ,  0.173401754933 ,  0.018230897889 ,  -0.066578408917 ,  0.21539226483 ,  0.119259533324
PENITENT ,  0.0653023388099 ,  -0.0281657164022 ,  0.0185483030907 ,  -0.0178625678962 ,  1.0 ,  0.00719968966101 ,  0.114202251672 ,  0.0207222025945 ,  0.00161968103544 ,  0.136280631246 ,  0.011162687528 ,  0.123593220817 ,  -0.00545525797239 ,  0.0073701902818 ,  0.114168322156
REMORSEFUL ,  0.485055788107 ,  0.170797612169 ,  0.0485410630649 ,  0.148061238253 ,  0.00719968966101 ,  1.0 ,  0.253252568676 ,  0.313376238476 ,  0.133992140481 ,  0.33970523052 ,  0.281081167352 ,  0.265994930278 ,  0.0376998822457 ,  0.177417926188 ,  0.439846373718
REMORSELESS ,  0.29740511257 ,  -0.102307874648 ,  -0.0168994583731 ,  0.0570969780855 ,  0.114202251672 ,  0.253252568676 ,  1.0 ,  0.0327318044779 ,  -0.029621689524 ,  0.36372648842 ,  0.0146048994346 ,  0.374170774474 ,  -0.0384853089597 ,  0.0527630012152 ,  0.48372293904
REMORSE ,  0.23816728117 ,  0.502058811737 ,  0.46000846983 ,  0.241128358611 ,  0.0207222025945 ,  0.313376238476 ,  0.0327318044779 ,  1.0 ,  0.364650423759 ,  0.0488428243869 ,  0.330605784057 ,  0.0323162132845 ,  -0.0254068407782 ,  0.206146864105 ,  0.100671268308
REPENTANCE ,  0.0911279544567 ,  0.46912593328 ,  0.255700638707 ,  0.0312603642281 ,  0.00161968103544 ,  0.133992140481 ,  -0.029621689524 ,  0.364650423759 ,  1.0 ,  -0.0239056000833 ,  0.395092126952 ,  -0.014044714005 ,  -0.0419284200953 ,  0.00891713768219 ,  0.00732875825038
REPENTANT ,  0.413017010897 ,  -0.0228407276361 ,  -0.0736248338494 ,  0.0996939567538 ,  0.136280631246 ,  0.33970523052 ,  0.36372648842 ,  0.0488428243869 ,  -0.0239056000833 ,  1.0 ,  0.0985272793059 ,  0.289648674817 ,  0.0777144770745 ,  0.054308498259 ,  0.491050754497
REPENT ,  0.18548489489 ,  0.327623262206 ,  0.223297104342 ,  0.173401754933 ,  0.011162687528 ,  0.281081167352 ,  0.0146048994346 ,  0.330605784057 ,  0.395092126952 ,  0.0985272793059 ,  1.0 ,  0.024718396448 ,  0.0278855980526 ,  0.126995866104 ,  0.116287752924
RUEFUL ,  0.373220669759 ,  -0.038596248939 ,  -0.0102147573514 ,  0.018230897889 ,  0.123593220817 ,  0.265994930278 ,  0.374170774474 ,  0.0323162132845 ,  -0.014044714005 ,  0.289648674817 ,  0.024718396448 ,  1.0 ,  -0.116399904322 ,  0.0843283310391 ,  0.301702471353
RUE ,  0.0197041927196 ,  0.0523431944028 ,  -0.0425623599121 ,  -0.066578408917 ,  -0.00545525797239 ,  0.0376998822457 ,  -0.0384853089597 ,  -0.0254068407782 ,  -0.0419284200953 ,  0.0777144770745 ,  0.0278855980526 ,  -0.116399904322 ,  1.0 ,  0.0296958102179 ,  -0.0253876451689
SORRY ,  0.156418764 ,  0.0280685361413 ,  0.118696353292 ,  0.21539226483 ,  0.0073701902818 ,  0.177417926188 ,  0.0527630012152 ,  0.206146864105 ,  0.00891713768219 ,  0.054308498259 ,  0.126995866104 ,  0.0843283310391 ,  0.0296958102179 ,  1.0 ,  0.126124044882
UNREPENTANT ,  0.446160181045 ,  0.0268276350893 ,  -0.0362352440984 ,  0.119259533324 ,  0.114168322156 ,  0.439846373718 ,  0.48372293904 ,  0.100671268308 ,  0.00732875825038 ,  0.491050754497 ,  0.116287752924 ,  0.301702471353 ,  -0.0253876451689 ,  0.126124044882 ,  1.0
