WORDS  , AFFORDABILITY , AFFORDABLE , CHEAP , COSTLY , COST , COST , EXORBITANT , EXPENSE , EXPENSIVE , FREE , INEXPENSIVE , OVERPRICED , PRICEY
AFFORDABILITY ,  1.0 ,  0.0503807073392 ,  -0.0461282343526 ,  0.095533587915 ,  0.119408223309 ,  0.119408223309 ,  0.0878361662325 ,  0.224385058856 ,  0.0368662070735 ,  0.00341708039683 ,  -0.0126183312661 ,  0.0314168736228 ,  -0.0541704389237
AFFORDABLE ,  0.0503807073392 ,  1.0 ,  0.436007113523 ,  0.423760779534 ,  0.127047379521 ,  0.127047379521 ,  0.369171525972 ,  0.0485936667299 ,  0.496456850782 ,  0.2200176801 ,  0.533662990596 ,  0.36215784095 ,  0.469174571395
CHEAP ,  -0.0461282343526 ,  0.436007113523 ,  1.0 ,  0.40397942661 ,  0.159334056064 ,  0.159334056064 ,  0.272762983864 ,  0.0756365844102 ,  0.515168099596 ,  0.296364694065 ,  0.608001172361 ,  0.346654184299 ,  0.39754309088
COSTLY ,  0.095533587915 ,  0.423760779534 ,  0.40397942661 ,  1.0 ,  0.209998447641 ,  0.209998447641 ,  0.370414543694 ,  0.0897616463436 ,  0.69114623446 ,  0.235887049592 ,  0.513447429632 ,  0.360728356256 ,  0.454732693699
COST ,  0.119408223309 ,  0.127047379521 ,  0.159334056064 ,  0.209998447641 ,  1.0 ,  1.0 ,  0.0827378256634 ,  0.363585806662 ,  0.24128212273 ,  0.180951572166 ,  0.165340358543 ,  0.0263301529267 ,  0.0851937446565
COST ,  0.119408223309 ,  0.127047379521 ,  0.159334056064 ,  0.209998447641 ,  1.0 ,  1.0 ,  0.0827378256634 ,  0.363585806662 ,  0.24128212273 ,  0.180951572166 ,  0.165340358543 ,  0.0263301529267 ,  0.0851937446565
EXORBITANT ,  0.0878361662325 ,  0.369171525972 ,  0.272762983864 ,  0.370414543694 ,  0.0827378256634 ,  0.0827378256634 ,  1.0 ,  0.0631764669039 ,  0.295595676635 ,  0.121928341074 ,  0.356329482531 ,  0.414616979277 ,  0.367776090254
EXPENSE ,  0.224385058856 ,  0.0485936667299 ,  0.0756365844102 ,  0.0897616463436 ,  0.363585806662 ,  0.363585806662 ,  0.0631764669039 ,  1.0 ,  0.0891373257322 ,  0.110622866976 ,  0.059775416821 ,  -0.0704418795116 ,  -0.0433628154239
EXPENSIVE ,  0.0368662070735 ,  0.496456850782 ,  0.515168099596 ,  0.69114623446 ,  0.24128212273 ,  0.24128212273 ,  0.295595676635 ,  0.0891373257322 ,  1.0 ,  0.314348085651 ,  0.628207973776 ,  0.422434826918 ,  0.539281299345
FREE ,  0.00341708039683 ,  0.2200176801 ,  0.296364694065 ,  0.235887049592 ,  0.180951572166 ,  0.180951572166 ,  0.121928341074 ,  0.110622866976 ,  0.314348085651 ,  1.0 ,  0.282801222116 ,  0.167059841946 ,  0.210288197284
INEXPENSIVE ,  -0.0126183312661 ,  0.533662990596 ,  0.608001172361 ,  0.513447429632 ,  0.165340358543 ,  0.165340358543 ,  0.356329482531 ,  0.059775416821 ,  0.628207973776 ,  0.282801222116 ,  1.0 ,  0.491107425688 ,  0.584895363121
OVERPRICED ,  0.0314168736228 ,  0.36215784095 ,  0.346654184299 ,  0.360728356256 ,  0.0263301529267 ,  0.0263301529267 ,  0.414616979277 ,  -0.0704418795116 ,  0.422434826918 ,  0.167059841946 ,  0.491107425688 ,  1.0 ,  0.599398470293
PRICEY ,  -0.0541704389237 ,  0.469174571395 ,  0.39754309088 ,  0.454732693699 ,  0.0851937446565 ,  0.0851937446565 ,  0.367776090254 ,  -0.0433628154239 ,  0.539281299345 ,  0.210288197284 ,  0.584895363121 ,  0.599398470293 ,  1.0
