WORDS  , AGGRAVATE , AGONIZE , ALARM , AMAZE , ANGER , ANNOY , ANTAGONIZE , APPEAL , AROUSE , ASTONISH , ASTOUND , BAFFLE , BOGGLE , BORE , CALM , CAPTIVATE , CHARM , CHEER , COMFORT , CONCILIATE , CONFUSE , CONSOLE , CRUSH , DAZZLE , DELIGHT , DEMOLISH , DEPRESS , DESTROY , DEVASTATE , DISAPPOINT , DISCOURAGE , DISPLEASE , DISTRESS , DISTURB , EMBARRASS , ENCOURAGE , ENGAGE , ENRAGE , ENTERTAIN , EXCITE , FASCINATE , FAZE , FLOOR , FRIGHTEN , FRUSTRATE , FULFILL , GALL , GLADDEN , GRATE , GRATIFY , HARASS , HUMILIATE , IMPRESS , INCENSE , INFURIATE , INTEREST , INTIMIDATE , INTRIGUE , IRK , IRRITATE , MADDEN , MOLLIFY , NETTLE , OFFEND , OUTRAGE , PACIFY , PLACATE , PLEASE , PUZZLE , RATTLE , REASSURE , REPEL , REVOLT , RILE , SADDEN , SATISFY , SCARE , SHAKE , SHAME , SHOCKER , SHOCK , SICKEN , SOBER , SOLACE , SOOTHE , SPOOK , STAGGER , STARTLE , STIMULATE , STING , STIR , STUN , SURPRISE , SURPRISE , TERRIFY , THRILL , TICKLE , TORMENT , TRAUMATIZE , TROUBLE , TROUBLE , UNNERVE , UNSETTLE , UPSET , WORRY , WOUND , WOW
AGGRAVATE ,  1.0 ,  0.0274805553688 ,  0.0665365532445 ,  0.257930984189 ,  0.090875347203 ,  0.265951370157 ,  0.28687972269 ,  -0.0226419880424 ,  0.432808822615 ,  0.284161683803 ,  0.327230760318 ,  0.328596688232 ,  0.302030889389 ,  0.100359093387 ,  0.129130957306 ,  0.404526067781 ,  0.00250347106855 ,  -0.0317328815184 ,  0.071163303967 ,  0.0109681117469 ,  0.345840407602 ,  0.0406458952509 ,  0.267456564475 ,  0.205292993705 ,  0.0194598754139 ,  0.279297022253 ,  0.452882083894 ,  0.265916568278 ,  0.397753087219 ,  0.188849420802 ,  0.345659152992 ,  0.286779849115 ,  0.0827790620071 ,  0.427875849973 ,  0.142694170847 ,  0.262670591369 ,  0.0920634656894 ,  0.339917593861 ,  0.21485220494 ,  0.340615016839 ,  0.331347551259 ,  0.294900864044 ,  -0.0784299643267 ,  0.21619424011 ,  0.44805265232 ,  0.18684638418 ,  0.0844400155038 ,  -0.156959241919 ,  0.0429285829401 ,  0.332802301981 ,  0.255498825876 ,  0.237849090998 ,  0.0922693677434 ,  0.0162987271679 ,  0.377788021702 ,  0.0132698072892 ,  0.203695911106 ,  0.148315569283 ,  0.268786668975 ,  0.370128973001 ,  -0.132848672127 ,  0.258222558101 ,  0.0867098672556 ,  0.220082481016 ,  0.0195413449097 ,  0.356436252275 ,  0.309682747252 ,  -0.00832430094444 ,  -0.011400114014 ,  0.193040954836 ,  0.271686661699 ,  0.534619727965 ,  -0.0779531499983 ,  0.166268932167 ,  0.191238295012 ,  0.338122442144 ,  0.12575550128 ,  0.141326248958 ,  0.0687527928655 ,  -0.0672188010054 ,  0.0769968058606 ,  0.303116121907 ,  0.0571018779827 ,  -0.0327353159933 ,  0.404063485102 ,  0.200280596615 ,  0.068046110591 ,  0.309542031143 ,  0.391313886302 ,  0.0333170270234 ,  0.155289976575 ,  0.158210017647 ,  0.0273037826517 ,  0.0273037826517 ,  0.279321332088 ,  0.0943550712794 ,  0.309974177803 ,  0.252068082415 ,  0.374922952767 ,  0.0545673421057 ,  0.0545673421057 ,  0.290493849877 ,  0.361795157955 ,  0.151374560917 ,  -0.0171729470947 ,  0.0430358620603 ,  0.016959328733
AGONIZE ,  0.0274805553688 ,  1.0 ,  0.125940702459 ,  0.0696255085295 ,  0.174520976072 ,  0.00372149895215 ,  0.0149655342775 ,  0.111548925258 ,  0.08866269337 ,  0.0985838005216 ,  0.0573043022127 ,  -0.0483756635088 ,  0.12457444712 ,  0.0400481224144 ,  0.103313826362 ,  0.0397551534133 ,  0.0642657891437 ,  0.159642962114 ,  0.0331173016208 ,  0.160927037858 ,  0.0304669053909 ,  -0.048843048343 ,  -0.0587823854594 ,  0.100741694242 ,  0.160687452522 ,  -0.105756177757 ,  -0.0111707327954 ,  -0.0522813562646 ,  -0.0707346054755 ,  0.00491196369198 ,  -0.0258895722861 ,  0.0564424064472 ,  0.213420225998 ,  -0.0247781125384 ,  0.00946635401955 ,  -0.0602962804459 ,  0.096775733128 ,  0.0055951469056 ,  0.0668234864404 ,  0.0434622686004 ,  0.098118292641 ,  -0.0556183248454 ,  -0.030762531074 ,  0.023562664391 ,  -0.00575812881208 ,  -0.0211453575615 ,  0.0470156877078 ,  -0.0932111809508 ,  0.128146486412 ,  -0.0145915006001 ,  -0.045866146103 ,  -0.00692021809667 ,  0.0367295253028 ,  0.107585809726 ,  0.0200837737731 ,  0.0315124566938 ,  0.0555839747712 ,  0.206170063302 ,  -0.022113363272 ,  0.031258594576 ,  -0.0492855381006 ,  0.0380731072402 ,  -0.0144417022652 ,  0.0279111776467 ,  0.208946636947 ,  -0.0442283752222 ,  0.0369483852635 ,  -0.0157635438536 ,  0.118624327565 ,  0.0752299389171 ,  -0.0138633366632 ,  0.0125515029993 ,  0.27130542736 ,  -0.0297911354456 ,  0.0402629415111 ,  -0.008128158228 ,  0.0552959158392 ,  0.0184075647217 ,  0.150284007904 ,  0.141383212535 ,  0.138312492792 ,  0.0932396148449 ,  0.0883428617318 ,  0.219629257776 ,  0.126875238513 ,  -0.0342171769905 ,  0.269024946018 ,  0.116375735063 ,  -0.0487586689993 ,  0.0457933847053 ,  0.120082164213 ,  0.0559932838128 ,  0.0202957050092 ,  0.0202957050092 ,  0.0522192837386 ,  0.0970946599746 ,  0.0185352889987 ,  0.131632872985 ,  0.0266448492911 ,  0.0232701660964 ,  0.0232701660964 ,  -0.0188103866502 ,  -0.0385311197714 ,  0.146882494192 ,  0.2175295994 ,  0.0989951179235 ,  0.0415702455028
ALARM ,  0.0665365532445 ,  0.125940702459 ,  1.0 ,  0.128661467687 ,  0.299738402601 ,  0.103040107517 ,  0.0877359310634 ,  0.141649912637 ,  0.0131689325613 ,  0.108120103993 ,  0.139549071168 ,  0.138491022884 ,  0.0815548292701 ,  0.0858457037449 ,  0.1806877286 ,  0.11183795397 ,  0.210568250183 ,  0.191543731548 ,  0.275434293324 ,  -0.0136926904161 ,  0.0538294804871 ,  0.188781205141 ,  0.156254192621 ,  0.122722331981 ,  0.193102374809 ,  0.0189878998129 ,  0.021561780556 ,  0.00442118186074 ,  0.0490114607576 ,  0.157942302227 ,  0.0105970620333 ,  0.130800642083 ,  0.292846135316 ,  0.0848201124232 ,  0.123450738221 ,  0.014218587316 ,  0.0188713711231 ,  0.0873676741024 ,  0.0666975458774 ,  0.113769818999 ,  0.0911600045756 ,  0.112845195694 ,  0.128899558462 ,  0.131320380548 ,  0.0913178701107 ,  -0.0409923014837 ,  0.0060042393417 ,  -0.0611205759374 ,  0.13342118359 ,  0.0164875620623 ,  0.111511109257 ,  0.0903142688881 ,  0.110243974073 ,  0.11964535888 ,  0.090235811674 ,  0.138481606576 ,  0.109181507733 ,  0.249723699023 ,  0.0838886646838 ,  0.117586901828 ,  -0.0490304510932 ,  0.136491292968 ,  0.0289746468129 ,  0.103828385921 ,  0.324912535828 ,  0.0445639562905 ,  0.0877611928724 ,  0.0464900068189 ,  0.206938617623 ,  0.146614935435 ,  0.132609793786 ,  0.0524861549097 ,  0.186366010309 ,  0.0689724675832 ,  0.151743283647 ,  0.0630093132908 ,  0.228826847179 ,  0.0969376703896 ,  0.198945147906 ,  0.15562341825 ,  0.309258539616 ,  0.0792634374354 ,  -0.0470805437214 ,  0.122962667264 ,  0.171752751708 ,  0.200566028643 ,  0.0744281649708 ,  0.140587568988 ,  -0.0155450657377 ,  0.149129144252 ,  0.186335761322 ,  0.176292179898 ,  0.248232395216 ,  0.248232395216 ,  0.147816759025 ,  0.189636642283 ,  0.155267142846 ,  0.207689437428 ,  0.0818583286613 ,  0.220765602292 ,  0.220765602292 ,  0.12031666593 ,  0.06383821055 ,  0.171225393921 ,  0.188818502763 ,  0.109451976682 ,  0.0469248030749
AMAZE ,  0.257930984189 ,  0.0696255085295 ,  0.128661467687 ,  1.0 ,  0.122251155658 ,  0.522706638319 ,  0.340354344489 ,  -0.0156124452129 ,  0.234050929094 ,  0.615516820929 ,  0.572277732827 ,  0.462529973301 ,  0.256359422356 ,  0.124917074077 ,  0.0782205142862 ,  0.48110034038 ,  0.139586691766 ,  0.131107911322 ,  0.195973527847 ,  -0.051932430528 ,  0.333723973435 ,  0.162485175713 ,  0.132028922104 ,  0.45014223028 ,  0.135203232886 ,  0.0953896840501 ,  0.190688515071 ,  0.0817381486269 ,  0.299585591446 ,  0.466152882382 ,  0.155184456151 ,  0.436784342999 ,  0.0687596982554 ,  0.41083647932 ,  0.326247102809 ,  0.138736374515 ,  0.133990701693 ,  0.435886568014 ,  0.231739688973 ,  0.514506759745 ,  0.695918117445 ,  0.461046501106 ,  -0.0699224106726 ,  0.407994695441 ,  0.466877406696 ,  0.0971010864237 ,  0.0779478691372 ,  -0.0143772455978 ,  0.0264775339407 ,  0.234602980865 ,  0.414697612406 ,  0.466636138037 ,  0.344371749807 ,  -0.0325170140845 ,  0.466382357644 ,  -0.00147980441322 ,  0.288389127193 ,  0.236770542038 ,  0.325852133422 ,  0.450286697256 ,  -0.00888503963122 ,  0.332743875574 ,  0.00964583328514 ,  0.356887779713 ,  0.0984718881583 ,  0.263414965876 ,  0.28989629142 ,  0.058430142248 ,  0.0325990446604 ,  0.147060403602 ,  0.309554279041 ,  0.211534443787 ,  -0.066119141824 ,  0.275378195873 ,  0.505491144529 ,  0.249045175298 ,  0.262075922822 ,  0.107674097181 ,  0.0567822722425 ,  0.0207191274378 ,  0.170258665226 ,  0.344689987547 ,  0.0505437918412 ,  0.104814631129 ,  0.2352133247 ,  0.325902112285 ,  0.040713593379 ,  0.459922526672 ,  0.0801552678788 ,  0.0318905935381 ,  0.0365085442091 ,  0.243102552437 ,  0.174971670847 ,  0.174971670847 ,  0.533375410127 ,  0.229323588848 ,  0.40008781408 ,  0.314716482947 ,  0.43741390384 ,  0.0704932083266 ,  0.0704932083266 ,  0.442838186572 ,  0.252302731307 ,  0.1384044993 ,  0.03972639526 ,  -0.0760835079632 ,  0.152245796282
ANGER ,  0.090875347203 ,  0.174520976072 ,  0.299738402601 ,  0.122251155658 ,  1.0 ,  0.178257871534 ,  0.135314985408 ,  0.23612111655 ,  0.21596701529 ,  0.109841455631 ,  0.160055142858 ,  0.13018443087 ,  0.0940751571429 ,  0.134920338669 ,  0.30566384691 ,  0.129123403553 ,  0.270560183686 ,  0.244242712271 ,  0.232517551544 ,  -0.0324969429011 ,  0.0959965546406 ,  0.123981386929 ,  0.173623399507 ,  0.147544255791 ,  0.242392491866 ,  -0.051038072165 ,  -0.0387556573547 ,  0.0417873445168 ,  0.0573632340654 ,  0.135939127772 ,  0.0873699427696 ,  0.127269290036 ,  0.37977082735 ,  0.0912800100524 ,  0.156472629055 ,  0.156850446895 ,  0.125889497749 ,  0.101303274371 ,  0.0786638200812 ,  0.161555502571 ,  0.0970767252501 ,  0.0727922557536 ,  0.111434722864 ,  0.162181835309 ,  0.125975492591 ,  0.0729827911805 ,  0.0169059178432 ,  -0.0486804654201 ,  0.0619803231021 ,  0.0729734543658 ,  0.14233488376 ,  0.162225813259 ,  0.12546798779 ,  0.131232641937 ,  0.148671629887 ,  0.278022881209 ,  0.190846131463 ,  0.42354461413 ,  0.0408108117695 ,  0.145704792448 ,  -0.078993543301 ,  0.195656516638 ,  -0.0113661889002 ,  0.178782417477 ,  0.516876881083 ,  0.100207236171 ,  0.158504863619 ,  0.134407929577 ,  0.120139819603 ,  0.131591686436 ,  0.142231051412 ,  0.0447668735315 ,  0.357642709782 ,  0.0966752340455 ,  0.163926860554 ,  0.134445367236 ,  0.224758261814 ,  0.0943240196877 ,  0.326149074896 ,  0.157346591607 ,  0.426787587223 ,  0.105156312219 ,  -0.021076618505 ,  0.225564636545 ,  0.26473837268 ,  0.148632738537 ,  0.0455372996541 ,  0.130806450214 ,  0.0657803706905 ,  0.167619390503 ,  0.208322143176 ,  0.098014085751 ,  0.236492888307 ,  0.236492888307 ,  0.170869881415 ,  0.197056587667 ,  0.0847779280537 ,  0.353273809574 ,  0.115340106854 ,  0.319444382153 ,  0.319444382153 ,  0.160925695774 ,  0.0553411692261 ,  0.242261536464 ,  0.294668875508 ,  0.156936599392 ,  0.128365706398
ANNOY ,  0.265951370157 ,  0.00372149895215 ,  0.103040107517 ,  0.522706638319 ,  0.178257871534 ,  1.0 ,  0.546183529716 ,  -0.00939974368386 ,  0.269616058597 ,  0.57706437658 ,  0.532975996499 ,  0.52000892131 ,  0.314463234224 ,  0.174648652984 ,  0.0807973608289 ,  0.58034277416 ,  0.163625944668 ,  0.161219917288 ,  0.144954431216 ,  -0.078827298983 ,  0.396182935867 ,  0.18176991568 ,  0.222690232071 ,  0.423027555913 ,  0.149250795501 ,  0.236899913889 ,  0.272204954481 ,  0.196864656158 ,  0.390701681385 ,  0.512750764433 ,  0.280579926635 ,  0.527375729464 ,  0.0885023329565 ,  0.456539023732 ,  0.521970050063 ,  0.232127399269 ,  0.233331601724 ,  0.565339716589 ,  0.313340356088 ,  0.542366469142 ,  0.615444121093 ,  0.558514679032 ,  -0.049879248529 ,  0.545828679918 ,  0.520637417465 ,  0.144606063134 ,  0.0211163164069 ,  -0.0347569913549 ,  0.0855778851024 ,  0.327833367947 ,  0.528358919695 ,  0.624265246813 ,  0.431990124776 ,  -0.0887190986103 ,  0.597115371174 ,  -0.00342990457546 ,  0.467722393526 ,  0.178416630556 ,  0.430727534316 ,  0.656305548803 ,  0.00124637562985 ,  0.479883527979 ,  0.00689973064052 ,  0.494024600126 ,  0.150121360581 ,  0.392658620782 ,  0.455248035798 ,  0.102073519674 ,  -0.0027938365086 ,  0.221813083316 ,  0.36262446491 ,  0.331029731104 ,  -0.00561740828898 ,  0.395716080451 ,  0.464054257045 ,  0.300614442285 ,  0.337294731989 ,  0.123723407086 ,  0.122306101996 ,  0.0586263049421 ,  0.155846139549 ,  0.40106122172 ,  0.0377942145216 ,  0.0175966713142 ,  0.267018223023 ,  0.300266905826 ,  0.0493369819249 ,  0.48128951942 ,  0.130964758202 ,  0.0113869828891 ,  0.0688572128138 ,  0.275726450812 ,  0.188251610542 ,  0.188251610542 ,  0.595417596076 ,  0.147495670223 ,  0.36598983418 ,  0.39415056241 ,  0.551602418035 ,  0.146744277729 ,  0.146744277729 ,  0.611804378926 ,  0.402993607034 ,  0.268484644952 ,  0.0666171759715 ,  -0.0752023056818 ,  0.164952726807
ANTAGONIZE ,  0.28687972269 ,  0.0149655342775 ,  0.0877359310634 ,  0.340354344489 ,  0.135314985408 ,  0.546183529716 ,  1.0 ,  0.00442662585613 ,  0.309972313925 ,  0.457963234854 ,  0.417560242118 ,  0.485144353291 ,  0.228048207228 ,  0.079045641519 ,  0.0587550469498 ,  0.506585961631 ,  0.091993225121 ,  0.0939206198916 ,  0.162432124784 ,  -0.0170101598525 ,  0.349064982112 ,  0.174678022014 ,  0.250686667644 ,  0.345981097976 ,  0.120458219858 ,  0.203824433379 ,  0.279063500734 ,  0.247794734575 ,  0.457078767697 ,  0.463430718851 ,  0.280806592084 ,  0.49533883963 ,  0.0220525002625 ,  0.374041444181 ,  0.539748752083 ,  0.264284632944 ,  0.251195325847 ,  0.640841799829 ,  0.270608872875 ,  0.51087399994 ,  0.460648796526 ,  0.471964428324 ,  -0.0778520414069 ,  0.462012375413 ,  0.501905620988 ,  0.147933418559 ,  -0.0308260023798 ,  -0.0729852640715 ,  -0.0432424600235 ,  0.337343112709 ,  0.422790605658 ,  0.535985921408 ,  0.46466019213 ,  -0.114221317644 ,  0.650844369603 ,  0.0448682508418 ,  0.485956985457 ,  0.139575242987 ,  0.401709821477 ,  0.604640063985 ,  -0.0234050715821 ,  0.657035599179 ,  0.0330297123201 ,  0.581957892164 ,  0.0992429702115 ,  0.507257967039 ,  0.648235074129 ,  0.0926516218606 ,  -0.0365937446854 ,  0.220300150569 ,  0.462535859354 ,  0.365533321594 ,  -0.000398980464879 ,  0.379920555012 ,  0.296736180794 ,  0.38662991621 ,  0.247341156457 ,  0.0891512480032 ,  0.0919832437661 ,  0.0211795388355 ,  0.0822424832722 ,  0.34543750317 ,  0.0263678261689 ,  0.00127887032777 ,  0.249707705678 ,  0.29977858961 ,  -0.0655175777413 ,  0.389455598875 ,  0.170664385559 ,  -0.00979987137089 ,  0.0468667992044 ,  0.210030065136 ,  0.161709807832 ,  0.161709807832 ,  0.474237686698 ,  0.069345221479 ,  0.224645896296 ,  0.343605907837 ,  0.457353987268 ,  0.113648340343 ,  0.113648340343 ,  0.589087801879 ,  0.40318419101 ,  0.242879818573 ,  0.0562527519613 ,  -0.0968304266647 ,  0.0740305947677
APPEAL ,  -0.0226419880424 ,  0.111548925258 ,  0.141649912637 ,  -0.0156124452129 ,  0.23612111655 ,  -0.00939974368386 ,  0.00442662585613 ,  1.0 ,  0.0256702035981 ,  0.00791080073763 ,  0.0321178119254 ,  -0.0154315460996 ,  0.0742792423069 ,  0.0258914485579 ,  0.159428410003 ,  0.0401407045588 ,  0.179693036893 ,  0.187111215022 ,  0.159792469967 ,  0.0429105170466 ,  0.061680334072 ,  0.0634848122861 ,  0.0743082088417 ,  0.110772247405 ,  0.125759160096 ,  -0.0405182713293 ,  -0.00728459816401 ,  0.0698859805234 ,  -0.0313412226902 ,  0.0470143309313 ,  0.0244677314884 ,  0.031014339416 ,  0.124219478501 ,  0.0275860180681 ,  0.0789798110605 ,  0.154609444484 ,  0.0964468976074 ,  -0.00397693101409 ,  0.163306210829 ,  0.0457333170049 ,  -0.00391689331181 ,  -0.0172382862333 ,  0.165575775963 ,  0.0126915161432 ,  0.0738137913881 ,  0.1359375106 ,  -0.0581913284171 ,  -0.0644641392637 ,  0.0400653600112 ,  0.0270455278932 ,  -0.0521366176714 ,  -0.0171441776287 ,  0.105344819105 ,  0.00277078404352 ,  0.00721932201453 ,  0.215111380029 ,  0.0684944438389 ,  0.206542958306 ,  -0.0225177370603 ,  -0.00861093499486 ,  0.0209387181802 ,  0.0568897141519 ,  -0.0317502683897 ,  0.0970603858692 ,  0.246228488476 ,  -0.0523563840904 ,  -0.000172599135879 ,  0.151037019082 ,  0.160593136429 ,  -0.0186032986562 ,  0.0445506324059 ,  -0.060207872589 ,  0.315975739199 ,  -0.0471922048031 ,  0.0388341414301 ,  0.137277811722 ,  0.140270921938 ,  0.108247159887 ,  0.195083865455 ,  0.238086928608 ,  0.205360889871 ,  -0.00838380402899 ,  -0.026155422589 ,  0.158871756093 ,  0.0136895360945 ,  0.0583641040168 ,  0.118453793053 ,  -0.0238339942166 ,  0.0562479321766 ,  0.136811196288 ,  0.209440709825 ,  -0.0344727828167 ,  0.197551696123 ,  0.197551696123 ,  0.000652130876641 ,  0.202950474983 ,  -0.0360359249781 ,  0.102587296525 ,  0.0282871630717 ,  0.237783962404 ,  0.237783962404 ,  0.0260620851034 ,  0.00548642022658 ,  0.111297635073 ,  0.294621554251 ,  0.113456820436 ,  0.0939309492733
AROUSE ,  0.432808822615 ,  0.08866269337 ,  0.0131689325613 ,  0.234050929094 ,  0.21596701529 ,  0.269616058597 ,  0.309972313925 ,  0.0256702035981 ,  1.0 ,  0.29949606082 ,  0.296482893171 ,  0.269955653785 ,  0.313444071567 ,  0.25392104342 ,  0.1127278352 ,  0.404561033242 ,  0.105373188304 ,  0.027381358843 ,  0.0521526203304 ,  -0.000962984569764 ,  0.262397028315 ,  0.0390028183655 ,  0.162718392023 ,  0.193254846377 ,  0.0843714423477 ,  0.117719577025 ,  0.238446068395 ,  0.130643632077 ,  0.248771936838 ,  0.18562337454 ,  0.158198544164 ,  0.279815870805 ,  0.136943332817 ,  0.309092946698 ,  0.126154825646 ,  0.147127009482 ,  0.0884109249139 ,  0.370716776955 ,  0.223267131979 ,  0.381577580827 ,  0.324229343571 ,  0.240596691736 ,  -0.109128454948 ,  0.22368505462 ,  0.316834442317 ,  0.189983760017 ,  0.00738005605691 ,  -0.0886420550574 ,  0.0776308570275 ,  0.320307283089 ,  0.2213479337 ,  0.26566332183 ,  0.17130130901 ,  -0.0247203009235 ,  0.378888739885 ,  0.0332802078328 ,  0.168633123226 ,  0.181488537175 ,  0.240473128815 ,  0.342601641203 ,  -0.158431421088 ,  0.327816534321 ,  0.0641365657242 ,  0.304616326562 ,  0.11260701544 ,  0.241058527816 ,  0.336984040506 ,  -0.0409198948508 ,  0.0123182899941 ,  0.137871354296 ,  0.213466467018 ,  0.331615353586 ,  -0.00582339350665 ,  0.21435256537 ,  0.263752103235 ,  0.241979984135 ,  0.0898863840263 ,  0.104898091397 ,  0.104680142371 ,  0.0298264982037 ,  0.142910438378 ,  0.279554201268 ,  0.0566864739035 ,  0.11118228588 ,  0.481325380275 ,  0.167107095074 ,  0.0375686416152 ,  0.325625978458 ,  0.236777938034 ,  0.0454867612515 ,  0.244880205498 ,  0.143702356458 ,  0.02591117166 ,  0.02591117166 ,  0.317990044617 ,  0.134605594483 ,  0.252595928785 ,  0.248381716543 ,  0.350861723609 ,  -0.0436224672468 ,  -0.0436224672468 ,  0.311773953752 ,  0.238830343579 ,  0.113001626074 ,  0.0144588728752 ,  0.0276256229434 ,  -0.018570627577
ASTONISH ,  0.284161683803 ,  0.0985838005216 ,  0.108120103993 ,  0.615516820929 ,  0.109841455631 ,  0.57706437658 ,  0.457963234854 ,  0.00791080073763 ,  0.29949606082 ,  1.0 ,  0.654503618047 ,  0.532386461417 ,  0.389254542459 ,  0.154645844571 ,  0.0996247362151 ,  0.591482920383 ,  0.15967139143 ,  0.135888999649 ,  0.17994905266 ,  -0.0373402238278 ,  0.279178391684 ,  0.19692009804 ,  0.158621280372 ,  0.483097493217 ,  0.147603321589 ,  0.173096699006 ,  0.280020702367 ,  0.129040198035 ,  0.353443229209 ,  0.388239132606 ,  0.213890695878 ,  0.585779698537 ,  0.104493671083 ,  0.426779015208 ,  0.349279392411 ,  0.140375867342 ,  0.160283638568 ,  0.581449529115 ,  0.224260504326 ,  0.460732401788 ,  0.645470970686 ,  0.572929667609 ,  -0.0647666292619 ,  0.411042586021 ,  0.4703005734 ,  0.0826526437563 ,  0.046973962954 ,  -0.0911759346148 ,  0.0708775919652 ,  0.360296332403 ,  0.417115319648 ,  0.543618781493 ,  0.309124258326 ,  -0.0270682026194 ,  0.584992243453 ,  0.0276683023731 ,  0.331020126114 ,  0.257891761238 ,  0.433272267667 ,  0.537804464648 ,  -0.0954121103628 ,  0.387309302018 ,  0.0304540464962 ,  0.348448509439 ,  0.0972491668097 ,  0.363694970002 ,  0.373050191068 ,  0.0721258741599 ,  0.0282177281938 ,  0.189000606978 ,  0.274081066344 ,  0.35706278808 ,  -0.037359513985 ,  0.380937472401 ,  0.561108532726 ,  0.208599938938 ,  0.233634980788 ,  0.1003031445 ,  0.112089632204 ,  0.0326920908864 ,  0.161308819625 ,  0.444265583243 ,  0.0815222040879 ,  0.0824640156848 ,  0.275267656622 ,  0.3761864408 ,  0.106554497942 ,  0.577850359878 ,  0.107301991964 ,  0.0594345311401 ,  0.0725895141479 ,  0.303044070805 ,  0.178272744484 ,  0.178272744484 ,  0.642937800743 ,  0.194874256382 ,  0.455650919565 ,  0.400747151136 ,  0.617388307627 ,  0.0686220727035 ,  0.0686220727035 ,  0.567785429726 ,  0.407380189005 ,  0.172261161723 ,  0.0360175878221 ,  -0.018761255107 ,  0.133063444695
ASTOUND ,  0.327230760318 ,  0.0573043022127 ,  0.139549071168 ,  0.572277732827 ,  0.160055142858 ,  0.532975996499 ,  0.417560242118 ,  0.0321178119254 ,  0.296482893171 ,  0.654503618047 ,  1.0 ,  0.543576380511 ,  0.47962463432 ,  0.160157679237 ,  0.116819295544 ,  0.620093582491 ,  0.162470171707 ,  0.118612179516 ,  0.165348451467 ,  -0.0400390882015 ,  0.332166653411 ,  0.20953712301 ,  0.173531168951 ,  0.500398229049 ,  0.164073474458 ,  0.19729660019 ,  0.265332766862 ,  0.185644845328 ,  0.418008417852 ,  0.389427261803 ,  0.165260705084 ,  0.542350521601 ,  0.103730330606 ,  0.436208716276 ,  0.337915595933 ,  0.151139754286 ,  0.173754743823 ,  0.540097681513 ,  0.217087725225 ,  0.488349652708 ,  0.617310186601 ,  0.49102015182 ,  -0.035771830923 ,  0.452955357172 ,  0.447480656237 ,  0.0780168181694 ,  0.08505053721 ,  -0.0368580901445 ,  0.160420520085 ,  0.358298131327 ,  0.411633993383 ,  0.475950076752 ,  0.330772500942 ,  -0.019184269893 ,  0.560030933215 ,  0.0723040437074 ,  0.318210603099 ,  0.26885069663 ,  0.436223004143 ,  0.532659214504 ,  -0.0883236652224 ,  0.374861889649 ,  0.0063565489259 ,  0.33695658292 ,  0.125267148218 ,  0.374532161022 ,  0.357608931425 ,  0.0781510125222 ,  0.0728239703472 ,  0.255249532876 ,  0.30470650388 ,  0.275529741859 ,  -0.0152389921029 ,  0.406013782996 ,  0.579676331717 ,  0.230834067012 ,  0.271408503973 ,  0.147764309437 ,  0.132069643952 ,  0.0157195125875 ,  0.170236317056 ,  0.46563461617 ,  0.0530538324985 ,  0.0561501750008 ,  0.318791450287 ,  0.487487455644 ,  0.157093408097 ,  0.574054570308 ,  0.162005703902 ,  0.0770460333585 ,  0.0947342930352 ,  0.306753392817 ,  0.165111218143 ,  0.165111218143 ,  0.603515601068 ,  0.223226566002 ,  0.490082628157 ,  0.40398660209 ,  0.593497351477 ,  0.096252621494 ,  0.096252621494 ,  0.577550567596 ,  0.475274297068 ,  0.179709966612 ,  0.0661709770341 ,  -0.00765120962243 ,  0.150607773154
BAFFLE ,  0.328596688232 ,  -0.0483756635088 ,  0.138491022884 ,  0.462529973301 ,  0.13018443087 ,  0.52000892131 ,  0.485144353291 ,  -0.0154315460996 ,  0.269955653785 ,  0.532386461417 ,  0.543576380511 ,  1.0 ,  0.308098395333 ,  0.114572951158 ,  0.0457620812896 ,  0.577952587995 ,  0.127226282543 ,  0.0897968537423 ,  0.171496058634 ,  -0.0846339647489 ,  0.315981613609 ,  0.187415686097 ,  0.206964894736 ,  0.447382221423 ,  0.10243050955 ,  0.230853181927 ,  0.334390565593 ,  0.180474792826 ,  0.390443942069 ,  0.400754329517 ,  0.244289127438 ,  0.530448071619 ,  0.0482557965899 ,  0.398189363982 ,  0.316306364001 ,  0.235825295647 ,  0.128311837227 ,  0.606836137542 ,  0.263857482661 ,  0.473526527352 ,  0.544253666069 ,  0.491838768771 ,  -0.0270092025188 ,  0.443365569324 ,  0.516188074108 ,  0.083948216308 ,  0.0800054959933 ,  -0.119911018183 ,  0.05934145261 ,  0.331715756985 ,  0.415330080679 ,  0.468354739354 ,  0.331793881773 ,  -0.0819177488412 ,  0.611030785524 ,  0.0133169331066 ,  0.346947379882 ,  0.169222737082 ,  0.452212834971 ,  0.533485460065 ,  -0.0871028754937 ,  0.453086414319 ,  0.0448515216082 ,  0.376430800807 ,  0.12777765283 ,  0.348305150349 ,  0.397109153978 ,  0.0431546552489 ,  0.0204072867451 ,  0.233705861421 ,  0.350739036586 ,  0.335441607947 ,  -0.0553914678084 ,  0.424505239276 ,  0.416835197005 ,  0.268746985734 ,  0.245530033666 ,  0.0946281894774 ,  0.0901863240377 ,  0.005332008916 ,  0.146008532305 ,  0.387268541287 ,  0.0655382569504 ,  0.00753648575107 ,  0.218514680811 ,  0.364964576643 ,  0.0144532901327 ,  0.524023907863 ,  0.147744634512 ,  0.0475841270671 ,  0.0501154491453 ,  0.320125338587 ,  0.12691417292 ,  0.12691417292 ,  0.559432095302 ,  0.154935480835 ,  0.349996823854 ,  0.340462179692 ,  0.531235929455 ,  0.0523257295069 ,  0.0523257295069 ,  0.583772902321 ,  0.424454627635 ,  0.228970186662 ,  0.0211159880107 ,  -0.0349450900636 ,  0.056286391484
BOGGLE ,  0.302030889389 ,  0.12457444712 ,  0.0815548292701 ,  0.256359422356 ,  0.0940751571429 ,  0.314463234224 ,  0.228048207228 ,  0.0742792423069 ,  0.313444071567 ,  0.389254542459 ,  0.47962463432 ,  0.308098395333 ,  1.0 ,  0.192040877149 ,  0.145564626492 ,  0.475866262157 ,  0.133066079626 ,  0.0854781092747 ,  0.146589696866 ,  -0.0155011517723 ,  0.269682488781 ,  0.0718714766729 ,  0.173661494247 ,  0.340747414935 ,  0.0940058676015 ,  0.323099853101 ,  0.330604881536 ,  0.200618314071 ,  0.338378484481 ,  0.147415405364 ,  0.0781477308083 ,  0.379408337677 ,  0.113852351685 ,  0.37770148588 ,  0.185218647857 ,  0.00136569456446 ,  0.0669951624767 ,  0.347203548658 ,  0.144418366754 ,  0.362188924668 ,  0.343950386756 ,  0.250543183736 ,  -0.0169550792874 ,  0.297031330658 ,  0.289577809476 ,  0.160346100352 ,  0.0612803689016 ,  -0.0367356147924 ,  0.307411904831 ,  0.349981412348 ,  0.18103741326 ,  0.262551089175 ,  0.158018560142 ,  0.0497518872918 ,  0.355073738556 ,  -0.00175701342711 ,  0.167534702911 ,  0.154803199528 ,  0.275027987442 ,  0.383878662872 ,  -0.0651936153088 ,  0.177579510634 ,  0.020451937075 ,  0.182163058621 ,  0.0689772352089 ,  0.281977762485 ,  0.248710285213 ,  0.0290374616893 ,  0.0474326738683 ,  0.280022864543 ,  0.122394292295 ,  0.23250465747 ,  -0.020714173272 ,  0.305870745101 ,  0.414683624878 ,  0.151436764971 ,  0.150473119525 ,  0.219889765846 ,  0.0947555372279 ,  -0.0129017349373 ,  0.104466810266 ,  0.378818510347 ,  0.100407283484 ,  0.0591327860357 ,  0.326132506526 ,  0.349059810324 ,  0.353748738926 ,  0.441234286059 ,  0.165516420234 ,  0.047387732175 ,  0.10715500633 ,  0.219095534393 ,  0.0289395889818 ,  0.0289395889818 ,  0.354837943126 ,  0.145908721707 ,  0.502218583444 ,  0.244130679247 ,  0.47664369433 ,  0.0131845206873 ,  0.0131845206873 ,  0.347925304481 ,  0.501088991368 ,  0.119790923507 ,  -0.0264745280299 ,  0.0713124322026 ,  0.0706044210246
BORE ,  0.100359093387 ,  0.0400481224144 ,  0.0858457037449 ,  0.124917074077 ,  0.134920338669 ,  0.174648652984 ,  0.079045641519 ,  0.0258914485579 ,  0.25392104342 ,  0.154645844571 ,  0.160157679237 ,  0.114572951158 ,  0.192040877149 ,  1.0 ,  0.0799147716105 ,  0.202505885099 ,  0.122769242075 ,  0.0887002187516 ,  0.0669967095223 ,  -0.0435148253668 ,  0.137080610961 ,  0.0417350667494 ,  0.0550724287376 ,  0.147741719144 ,  0.155096956097 ,  0.0439486303862 ,  0.0715197140293 ,  0.2128811895 ,  -0.0168978338363 ,  0.0999893593866 ,  0.177504026302 ,  0.184436625988 ,  0.110116907979 ,  0.151267223829 ,  0.0808213432837 ,  0.164335530712 ,  0.0939952689308 ,  0.129539002687 ,  0.0838212563205 ,  0.143943042487 ,  0.101278966496 ,  0.115297113707 ,  0.00314901748372 ,  0.114362355304 ,  0.0674357210632 ,  0.272258680724 ,  0.0474349280862 ,  -0.074505003141 ,  0.137958323414 ,  0.142296652995 ,  0.0714205473063 ,  0.103893229204 ,  0.113164136585 ,  0.0107554044594 ,  0.146078066185 ,  0.040021878247 ,  0.0718741567114 ,  0.154801064968 ,  0.11738045422 ,  0.150685579853 ,  -0.115392037215 ,  0.0726384713151 ,  -0.00319157979919 ,  0.133137102407 ,  0.162410293656 ,  0.0239872765011 ,  0.0661625488241 ,  0.0279021863172 ,  0.0612184543583 ,  0.130383193094 ,  0.168374033017 ,  0.147983046903 ,  0.0265327251488 ,  0.141118664886 ,  0.188130294936 ,  0.203569871624 ,  0.133926145309 ,  0.118059773012 ,  0.150246057247 ,  0.116964259595 ,  0.116664846899 ,  0.116000941721 ,  0.0624328176171 ,  0.0457075479151 ,  0.1989318769 ,  0.101914625214 ,  0.104042718209 ,  0.206513814391 ,  0.195813498933 ,  0.0535893065109 ,  0.163199863219 ,  0.170113542984 ,  0.129687421811 ,  0.129687421811 ,  0.164611874188 ,  0.102143649724 ,  0.171595750311 ,  0.148233151199 ,  0.176707441703 ,  0.0181748334281 ,  0.0181748334281 ,  0.13434008259 ,  0.057013716506 ,  0.0913245028236 ,  0.075425490533 ,  0.15466636244 ,  0.0924050626234
CALM ,  0.129130957306 ,  0.103313826362 ,  0.1806877286 ,  0.0782205142862 ,  0.30566384691 ,  0.0807973608289 ,  0.0587550469498 ,  0.159428410003 ,  0.1127278352 ,  0.0996247362151 ,  0.116819295544 ,  0.0457620812896 ,  0.145564626492 ,  0.0799147716105 ,  1.0 ,  0.0944175965208 ,  0.135516380638 ,  0.215791665492 ,  0.230191241103 ,  0.0225323182671 ,  0.137841853376 ,  0.0278135767028 ,  0.10346162417 ,  0.117367693426 ,  0.141122674075 ,  0.0592270730291 ,  0.0229438270267 ,  0.0518001238401 ,  0.0672410192972 ,  0.0796290266968 ,  0.0644284805433 ,  0.088611717206 ,  0.171684788999 ,  0.100334382103 ,  0.0772163763448 ,  0.091204098065 ,  0.0522789093132 ,  0.0675099817016 ,  0.118045863005 ,  0.102325179096 ,  0.0779397703971 ,  0.0479499230555 ,  0.129431974223 ,  0.11464363739 ,  0.0659445286045 ,  0.0323244953216 ,  -0.017944410456 ,  -0.0400763192811 ,  0.0784750396163 ,  0.058747260284 ,  0.123932688114 ,  0.0694607916279 ,  0.0762091588791 ,  0.083081357879 ,  0.0747634063486 ,  0.105667829942 ,  0.124254052212 ,  0.233940835816 ,  0.0275537819336 ,  0.106388461509 ,  -0.0266076305798 ,  0.0928958874536 ,  -0.0250203209244 ,  0.0963629330058 ,  0.230998135325 ,  0.128915066089 ,  0.112628133812 ,  0.082049416035 ,  0.0234201957076 ,  0.13571576822 ,  0.160428060292 ,  0.102804872944 ,  0.125696879461 ,  0.104313309481 ,  0.0636506089334 ,  0.0738762603445 ,  0.198852197319 ,  0.160126643294 ,  0.155588746775 ,  0.057145208004 ,  0.185308207169 ,  0.104703171661 ,  0.249482475216 ,  0.0779202060099 ,  0.203627032399 ,  0.138714010709 ,  0.116084104262 ,  0.0907456341891 ,  0.135670003348 ,  0.00764099219965 ,  0.213146345647 ,  -0.0338391972519 ,  0.191932425286 ,  0.191932425286 ,  0.0708295333608 ,  0.128584778872 ,  0.117510367912 ,  0.179406749307 ,  0.11421921993 ,  0.245003842458 ,  0.245003842458 ,  0.119566283889 ,  0.150358828509 ,  0.230026780262 ,  0.214249138033 ,  0.103678101179 ,  0.106320730544
CAPTIVATE ,  0.404526067781 ,  0.0397551534133 ,  0.11183795397 ,  0.48110034038 ,  0.129123403553 ,  0.58034277416 ,  0.506585961631 ,  0.0401407045588 ,  0.404561033242 ,  0.591482920383 ,  0.620093582491 ,  0.577952587995 ,  0.475866262157 ,  0.202505885099 ,  0.0944175965208 ,  1.0 ,  0.127272431569 ,  0.0890036104042 ,  0.171275988379 ,  -0.0163935155672 ,  0.382549364955 ,  0.197599506576 ,  0.198356383952 ,  0.490953622251 ,  0.127201362147 ,  0.322197779327 ,  0.365948299162 ,  0.242603764438 ,  0.454405052194 ,  0.435972399653 ,  0.306548392263 ,  0.56801476955 ,  0.105326164224 ,  0.474463972027 ,  0.333587459489 ,  0.238452881623 ,  0.201979965471 ,  0.629918363478 ,  0.32371158799 ,  0.566896503043 ,  0.603614703514 ,  0.479153739366 ,  -0.0569763174902 ,  0.508648390994 ,  0.51118676889 ,  0.187910233581 ,  -0.0253610131117 ,  -0.146356278454 ,  0.137253210385 ,  0.415983118095 ,  0.407635738989 ,  0.493223149075 ,  0.355979980974 ,  -0.078359987611 ,  0.632809333266 ,  0.0468979793119 ,  0.357950568392 ,  0.246172105885 ,  0.507985924386 ,  0.555243023692 ,  -0.0866784661841 ,  0.443857732968 ,  0.0432776865652 ,  0.450814900226 ,  0.142097872689 ,  0.436146109507 ,  0.432261244193 ,  0.0760971170559 ,  0.0263094195026 ,  0.239153185841 ,  0.335994285007 ,  0.437258361867 ,  -0.0376659411885 ,  0.435698579037 ,  0.472116711563 ,  0.300008766606 ,  0.279812930455 ,  0.141313890253 ,  0.128089862428 ,  0.00464465978649 ,  0.165206055532 ,  0.498060822681 ,  0.0893292324556 ,  -0.00413428167381 ,  0.321861774562 ,  0.371840220613 ,  0.106078088249 ,  0.595164446202 ,  0.237112283417 ,  0.0332200433971 ,  0.15006556042 ,  0.297357084338 ,  0.138462491628 ,  0.138462491628 ,  0.607406592722 ,  0.186486959374 ,  0.414780046644 ,  0.400041709529 ,  0.618171580892 ,  0.0694926100604 ,  0.0694926100604 ,  0.583802605437 ,  0.527048418998 ,  0.218936689095 ,  0.0549407448272 ,  -0.0130967005552 ,  0.123570296162
CHARM ,  0.00250347106855 ,  0.0642657891437 ,  0.210568250183 ,  0.139586691766 ,  0.270560183686 ,  0.163625944668 ,  0.091993225121 ,  0.179693036893 ,  0.105373188304 ,  0.15967139143 ,  0.162470171707 ,  0.127226282543 ,  0.133066079626 ,  0.122769242075 ,  0.135516380638 ,  0.127272431569 ,  1.0 ,  0.231926596081 ,  0.235864597036 ,  0.00614162681457 ,  0.0694528165061 ,  0.180881968492 ,  0.125621796275 ,  0.271638862662 ,  0.300662232494 ,  0.0285083672083 ,  0.00944331404016 ,  -0.004247322046 ,  0.0543441661378 ,  0.117698200069 ,  -0.0114760908577 ,  0.150132892631 ,  0.171053882736 ,  0.0506264242596 ,  0.0920623603972 ,  0.00455266231723 ,  -0.0315132705927 ,  0.1321660724 ,  0.0399037499579 ,  0.203501666338 ,  0.121129748766 ,  0.107730068016 ,  0.0674188471535 ,  0.118650028369 ,  0.0786966590435 ,  0.000925825419317 ,  0.043726440795 ,  -0.00292890657884 ,  0.206575310867 ,  0.10631771957 ,  0.11859296843 ,  0.128317746822 ,  0.113154362688 ,  0.172526871273 ,  0.14841247811 ,  0.110589251771 ,  0.0696955482876 ,  0.345021258693 ,  0.0900318817271 ,  0.148850313169 ,  -0.028396447526 ,  0.107391812776 ,  0.0553804133287 ,  0.10809867069 ,  0.257093262291 ,  0.0610441730568 ,  0.0825099336615 ,  0.00585829749533 ,  0.155928576664 ,  0.156214513795 ,  0.0527274714586 ,  -0.0199719147214 ,  0.142763978949 ,  0.152189208609 ,  0.177879385677 ,  0.0233615872829 ,  0.200906892187 ,  0.118842463628 ,  0.246772878452 ,  0.171781143251 ,  0.282770601245 ,  0.0840018995558 ,  0.0251320369288 ,  0.250334628637 ,  0.201138164536 ,  0.208748013822 ,  0.123324700826 ,  0.142838339544 ,  0.00459056980505 ,  0.200739805319 ,  0.165335533059 ,  0.100500854667 ,  0.177647616417 ,  0.177647616417 ,  0.187730589872 ,  0.278464715305 ,  0.189147308774 ,  0.31588120968 ,  0.148549679063 ,  0.084041271267 ,  0.084041271267 ,  0.134701366007 ,  0.104151135943 ,  0.0698017405227 ,  0.131534778149 ,  0.0990860635279 ,  0.0741624354398
CHEER ,  -0.0317328815184 ,  0.159642962114 ,  0.191543731548 ,  0.131107911322 ,  0.244242712271 ,  0.161219917288 ,  0.0939206198916 ,  0.187111215022 ,  0.027381358843 ,  0.135888999649 ,  0.118612179516 ,  0.0897968537423 ,  0.0854781092747 ,  0.0887002187516 ,  0.215791665492 ,  0.0890036104042 ,  0.231926596081 ,  1.0 ,  0.115343525271 ,  0.0286451816361 ,  0.0827078998949 ,  0.162021668352 ,  0.175315958871 ,  0.221767349205 ,  0.22794674549 ,  -0.0377515807872 ,  0.0281256593553 ,  -0.0276926764709 ,  -0.016059743185 ,  0.159447366811 ,  0.0486730923067 ,  0.191611363674 ,  0.201625882665 ,  0.00869080310654 ,  0.158337212974 ,  0.0551714489999 ,  0.0913528197145 ,  0.0886933655894 ,  0.121899537242 ,  0.125929650393 ,  0.116083126672 ,  0.144346263922 ,  0.120387187335 ,  0.149628523586 ,  0.0489585808012 ,  0.0405846026339 ,  -0.00436666241775 ,  -0.0637452896886 ,  0.161400594616 ,  0.074857291693 ,  0.103136353582 ,  0.117052011397 ,  0.207839417265 ,  0.1172716186 ,  0.108937554404 ,  0.107547532154 ,  0.118328132533 ,  0.275879522484 ,  0.0772381459029 ,  0.131568804643 ,  -0.0110849500898 ,  0.107862625481 ,  -0.00011879719625 ,  0.0915404410163 ,  0.202953996347 ,  0.0166067275585 ,  0.0936006357207 ,  0.0381209440384 ,  0.166112089533 ,  0.180817226195 ,  0.0661531877284 ,  0.012223703275 ,  0.273115781489 ,  0.189720161628 ,  0.104048038381 ,  0.0244333779553 ,  0.267932538248 ,  0.22514922029 ,  0.215620682609 ,  0.22113629531 ,  0.223967235461 ,  0.109614438141 ,  0.119304510809 ,  0.19923384869 ,  0.115204093882 ,  0.17872380281 ,  0.135457535031 ,  0.153464182712 ,  -0.0335434013553 ,  0.136897852525 ,  0.213691817689 ,  0.0427404151375 ,  0.173422168084 ,  0.173422168084 ,  0.131524623096 ,  0.195366003473 ,  0.106714244774 ,  0.260876813798 ,  0.12929411585 ,  0.19716608216 ,  0.19716608216 ,  0.166234706254 ,  0.048159153962 ,  0.203593628285 ,  0.267408454558 ,  0.105684183704 ,  0.0647123300058
COMFORT ,  0.071163303967 ,  0.0331173016208 ,  0.275434293324 ,  0.195973527847 ,  0.232517551544 ,  0.144954431216 ,  0.162432124784 ,  0.159792469967 ,  0.0521526203304 ,  0.17994905266 ,  0.165348451467 ,  0.171496058634 ,  0.146589696866 ,  0.0669967095223 ,  0.230191241103 ,  0.171275988379 ,  0.235864597036 ,  0.115343525271 ,  1.0 ,  -0.00197491674635 ,  0.158066690462 ,  0.174882477786 ,  0.129240467418 ,  0.225088479838 ,  0.28956684365 ,  0.0929075971943 ,  0.0442158999486 ,  0.116351965274 ,  0.122702382781 ,  0.236494005222 ,  0.0847773270022 ,  0.150013100916 ,  0.216467947907 ,  0.174870549287 ,  0.171994910419 ,  0.086879593612 ,  0.126735488558 ,  0.130898851613 ,  0.157512400941 ,  0.220691088559 ,  0.166675457327 ,  0.133027245523 ,  0.0252320461989 ,  0.200351205798 ,  0.164702538257 ,  0.0795164046299 ,  0.01346370943 ,  0.00338133522885 ,  0.0561486433778 ,  0.114010772934 ,  0.213037594715 ,  0.190135739923 ,  0.193833741095 ,  0.0958882592935 ,  0.166406503735 ,  0.213134952156 ,  0.181375342142 ,  0.200091483675 ,  0.0572073067396 ,  0.185815143406 ,  0.035612655637 ,  0.169399628849 ,  -0.01088582431 ,  0.198776201011 ,  0.245816869178 ,  0.119975391693 ,  0.121412088095 ,  0.130990556103 ,  0.0985694578131 ,  0.0349892807052 ,  0.232024160933 ,  0.0536711405513 ,  0.027378644044 ,  0.0972580569341 ,  0.165208211207 ,  0.12695078038 ,  0.187301056661 ,  0.108034010066 ,  0.275245267548 ,  0.0915649866107 ,  0.326742175463 ,  0.121669318172 ,  0.00760574344232 ,  0.361585066033 ,  0.115153176088 ,  0.168642651784 ,  0.017554521149 ,  0.113794073814 ,  0.0136617686592 ,  0.0927181894427 ,  0.0832484590736 ,  0.048870293621 ,  0.268417952906 ,  0.268417952906 ,  0.172562022426 ,  0.205225583817 ,  0.145357863104 ,  0.228476898149 ,  0.174004482412 ,  0.248486706147 ,  0.248486706147 ,  0.161958677609 ,  0.106837819234 ,  0.131286661908 ,  0.12908548873 ,  0.08159270256 ,  0.174647584467
