WORDS  , ABHORRENCE , ABHOR , ADORATION , ADORE , AFRAID , AGAPE , ANTIPATHY , APPREHENSIVE , CALM , COMFORT , COMPASSION , COOL , DELIGHT , DESPAIR , DESPERATION , DESPISE , DETEST , DISLIKE , DISLIKE , DISSATISFIED , DREAD , DREAD , EMPATHETIC , EMPATHIZE , EMPATHY , ENJOYMENT , ENJOY , ENVY , ENVY , FAZED , FEAR , FED , UP , FEVERISH , FEVERISHLY , FOND , FULFILLED , FULFILLMENT , GRIEVE , HAPPILY , HATE , HATRED , INTERESTED , INTIMIDATED , IRRITATED , LIKE , LOATHE , LOATHING , LOVE , MOURN , NERVOUS , PITY , PITY , PLEASURE , REGRET , REGRET , RELISH , RELISH , RESENTMENT , RESENT , RUEFUL , RUE , SATISFACTION , SATISFIED , SCARED , SOLACE , TAKEN , TERRIFIED , UNFAZED , UPSET , WORKED , UP , WORRIED
ABHORRENCE ,  1.0 ,  0.0138624611691 ,  0.554579941955 ,  -0.0730919182053 ,  0.0836080387905 ,  0.014592777772 ,  0.303526195922 ,  -0.0136896506617 ,  -0.0422402731539 ,  0.0404468791082 ,  0.120478749342 ,  -0.0665615496233 ,  0.0791978258383 ,  0.147377179558 ,  0.122872204703 ,  0.0131148105986 ,  -0.0402780369939 ,  0.244563505259 ,  0.244563505259 ,  -0.0475676206104 ,  0.163468845043 ,  0.163468845043 ,  -0.0981475605717 ,  0.130013607629 ,  0.222626396667 ,  0.421804373689 ,  -0.071829521687 ,  0.188532327035 ,  0.188532327035 ,  0.070249632795 ,  0.125751835858 ,  -0.0331554980367 ,  -0.0105250403497 ,  -0.185520604118 ,  0.00919903551201 ,  -0.0411328821813 ,  -0.0792342093586 ,  0.27804076581 ,  0.109263898483 ,  0.035399353944 ,  -0.00844297815317 ,  0.301898473178 ,  -0.0414107190421 ,  -0.0516083567381 ,  -0.0759681335375 ,  -0.0782998215962 ,  -0.000321724128778 ,  0.417409592541 ,  0.0474878779871 ,  -0.0305098082993 ,  -0.120160392793 ,  0.0896008478021 ,  0.0896008478021 ,  0.031592748462 ,  0.0942031063528 ,  0.0942031063528 ,  0.121368857734 ,  0.121368857734 ,  0.274869484061 ,  -0.0548760111929 ,  -0.14959767602 ,  -0.0470918861859 ,  0.141665247869 ,  -0.0986582765553 ,  0.00828855933703 ,  0.243910453383 ,  0.00648503416176 ,  -0.0126288237168 ,  0.0241843128854 ,  -0.000250078078406 ,  0.0304341901686 ,  -0.0105250403497 ,  -0.0292244936135
ABHOR ,  0.0138624611691 ,  1.0 ,  -0.0553411618873 ,  0.391332794681 ,  0.0620604788527 ,  0.0296438004593 ,  -0.0074809051868 ,  0.00189023619782 ,  0.0064279959446 ,  0.0216611236118 ,  0.0343005777745 ,  -0.00410595729069 ,  -0.0411969395773 ,  0.0459570341147 ,  0.00426062189979 ,  0.501229602499 ,  0.512705476258 ,  0.358790041917 ,  0.358790041917 ,  0.0731569608412 ,  0.19428691755 ,  0.19428691755 ,  0.00522826518843 ,  0.0160657608429 ,  0.0236833253954 ,  -0.0465284291753 ,  0.212829595842 ,  0.193826235357 ,  0.193826235357 ,  0.190886856719 ,  0.221189268713 ,  -0.0306081763279 ,  -0.0147327696378 ,  0.0543656269057 ,  -0.0901748113709 ,  -5.14523301956e-05 ,  0.248535194981 ,  0.0197636948699 ,  0.0904603012116 ,  -0.0569048992947 ,  0.269635450558 ,  0.0960918964144 ,  -0.00597431313098 ,  0.167274781351 ,  0.10990180325 ,  0.0522297056472 ,  0.386768587981 ,  0.127451110222 ,  0.158151383952 ,  0.28281152731 ,  -0.0399761240747 ,  0.174740333482 ,  0.174740333482 ,  0.0245547179453 ,  0.25157581244 ,  0.25157581244 ,  0.27976318096 ,  0.27976318096 ,  0.0285378861329 ,  0.365317120334 ,  0.091435484159 ,  0.0540993965287 ,  -0.0523505902061 ,  0.10032656612 ,  0.0588181547622 ,  -0.037109585554 ,  0.0203666695393 ,  0.139767748639 ,  0.159657343863 ,  0.0903765296432 ,  -0.0435905806585 ,  -0.0147327696378 ,  0.0320188715344
ADORATION ,  0.554579941955 ,  -0.0553411618873 ,  1.0 ,  -0.0557450237787 ,  0.11840579518 ,  0.0989937942028 ,  0.352819559161 ,  0.076142463002 ,  0.0576195078733 ,  0.12488455318 ,  0.334390080832 ,  -0.0454819763759 ,  0.216188937598 ,  0.331783686489 ,  0.296682594809 ,  0.0242379430833 ,  -0.0732834079502 ,  0.236410811521 ,  0.236410811521 ,  -0.0406199645866 ,  0.208159783757 ,  0.208159783757 ,  -0.0569100300221 ,  0.258182834296 ,  0.429884702215 ,  0.514842182219 ,  -0.0965157446408 ,  0.293703757435 ,  0.293703757435 ,  0.0433348807621 ,  0.182093206727 ,  -0.0729448333057 ,  -0.0297497755281 ,  -0.135664106729 ,  -0.0202113767362 ,  0.0161686160573 ,  -0.0745042671374 ,  0.332056965939 ,  0.224557868953 ,  0.0492095578484 ,  0.035363722211 ,  0.459797321875 ,  -0.0248882193705 ,  -0.039528621613 ,  -0.0517939487516 ,  -0.0889156718609 ,  -0.0377719370947 ,  0.445082124716 ,  0.10684995893 ,  0.0313012848643 ,  -0.030622571391 ,  0.1661845457 ,  0.1661845457 ,  0.101508630264 ,  0.140201810406 ,  0.140201810406 ,  0.155869805431 ,  0.155869805431 ,  0.406008850544 ,  -0.0826057568235 ,  -0.0553644586502 ,  -0.0425471355103 ,  0.239922558032 ,  -0.0676465470449 ,  0.0301323387669 ,  0.396902896478 ,  -0.0682395342691 ,  0.0185526473369 ,  0.0600055193646 ,  -0.0052021481279 ,  -0.00809116116169 ,  -0.0297497755281 ,  0.0380013646529
ADORE ,  -0.0730919182053 ,  0.391332794681 ,  -0.0557450237787 ,  1.0 ,  0.0777156387968 ,  0.0232811120998 ,  -0.0719301686258 ,  0.0507723539778 ,  0.0498571002501 ,  0.157414267457 ,  0.00679421007594 ,  0.084286898943 ,  0.0769981418878 ,  0.0479794530637 ,  0.0665062636446 ,  0.629807843056 ,  0.523002543448 ,  0.506831761851 ,  0.506831761851 ,  0.0788105985816 ,  0.171727036846 ,  0.171727036846 ,  -0.0130072812288 ,  0.0660482138106 ,  -0.0378429925898 ,  -0.00163756352429 ,  0.352228740871 ,  0.282433960506 ,  0.282433960506 ,  0.25526767976 ,  0.12680539995 ,  -0.0146520464436 ,  0.03411602833 ,  -0.0267372910732 ,  -0.0581795283268 ,  0.0394476380516 ,  0.23358738421 ,  0.0459674756258 ,  0.138538755889 ,  0.0202448551385 ,  0.340470827916 ,  -0.0125797160678 ,  0.123278989444 ,  0.256143767336 ,  0.207536133523 ,  0.183495919347 ,  0.426364771846 ,  0.146957874186 ,  0.3229736226 ,  0.317053614043 ,  0.0379708292542 ,  0.292805611821 ,  0.292805611821 ,  0.104995858777 ,  0.231347917451 ,  0.231347917451 ,  0.364946943112 ,  0.364946943112 ,  -0.040070043438 ,  0.421009329671 ,  0.0259712089797 ,  0.182865838963 ,  -0.0329018151992 ,  0.148176545262 ,  0.170229903321 ,  0.026140770822 ,  0.0521773266686 ,  0.216168457856 ,  0.184246192357 ,  0.167091518149 ,  0.032733892889 ,  0.03411602833 ,  0.0269470906648
AFRAID ,  0.0836080387905 ,  0.0620604788527 ,  0.11840579518 ,  0.0777156387968 ,  1.0 ,  0.0188329250409 ,  0.022310848681 ,  0.212280672822 ,  0.156935618668 ,  0.120112008188 ,  0.072418434551 ,  0.108900000809 ,  0.0557529783684 ,  0.180456492187 ,  0.125969312145 ,  0.0843913216402 ,  0.0756586977682 ,  0.155186173798 ,  0.155186173798 ,  0.13549408971 ,  0.118567704518 ,  0.118567704518 ,  0.0213194676718 ,  0.0616670765513 ,  0.0597527085064 ,  0.144203893672 ,  0.10433395399 ,  0.0163130884767 ,  0.0163130884767 ,  7.08244630072e-05 ,  0.41347332845 ,  0.0752127203608 ,  0.130987228533 ,  -0.0388416482721 ,  -0.0630503545876 ,  0.0557134634056 ,  0.0390725854561 ,  0.0498791351101 ,  0.100206603129 ,  0.0940759004519 ,  0.177812028107 ,  0.160682571259 ,  0.221471753985 ,  0.172598006744 ,  0.134212611158 ,  0.21593116868 ,  0.12523706152 ,  0.0219092534759 ,  0.173517528931 ,  0.125620100899 ,  0.230595213374 ,  0.143989891783 ,  0.143989891783 ,  0.159233739072 ,  0.228739337151 ,  0.228739337151 ,  0.0229476100242 ,  0.0229476100242 ,  0.150282561245 ,  0.146849305926 ,  0.0421146626967 ,  0.0199617393348 ,  0.103062179755 ,  0.316834109567 ,  0.413775855555 ,  0.0440924628074 ,  0.0960117053476 ,  0.402196562604 ,  0.118055875685 ,  0.259281831927 ,  0.0633996041033 ,  0.130987228533 ,  0.480254312975
AGAPE ,  0.014592777772 ,  0.0296438004593 ,  0.0989937942028 ,  0.0232811120998 ,  0.0188329250409 ,  1.0 ,  0.0904131849409 ,  0.199377549181 ,  0.0767000055502 ,  0.0157083238629 ,  0.0868642449011 ,  0.121401642202 ,  0.0537413380992 ,  0.109070565733 ,  0.041328375147 ,  0.00499698701871 ,  -0.0430629032205 ,  -0.0290881677512 ,  -0.0290881677512 ,  0.13141877827 ,  0.032211251581 ,  0.032211251581 ,  0.189782374725 ,  0.252008710047 ,  0.112842916361 ,  0.0384375565007 ,  -0.00879444600692 ,  0.0457578058459 ,  0.0457578058459 ,  0.0555306851883 ,  0.00638381776568 ,  0.00501140701503 ,  0.0398921291701 ,  0.163433143038 ,  0.0135668891798 ,  0.117016324577 ,  0.0373862490637 ,  0.0703820493918 ,  0.194958270933 ,  -0.00439192488908 ,  0.00177968961434 ,  0.0578758481762 ,  0.0824412877687 ,  0.0861889231225 ,  0.0834043893116 ,  -0.0336430862928 ,  -0.0406573158515 ,  0.0552256238998 ,  -0.0182518869087 ,  0.0233436951437 ,  0.145378985726 ,  0.0321183314669 ,  0.0321183314669 ,  0.0571307186529 ,  -0.0114859237364 ,  -0.0114859237364 ,  -0.0581074262569 ,  -0.0581074262569 ,  0.0514973293743 ,  -0.0467260089372 ,  0.114592924453 ,  -0.0929626611142 ,  0.0383246836179 ,  0.0580782235391 ,  0.0523771933225 ,  0.117226604408 ,  -0.000802671517607 ,  0.121040417751 ,  0.170679141025 ,  0.0659998448402 ,  0.0579233860938 ,  0.0398921291701 ,  0.0934439679982
ANTIPATHY ,  0.303526195922 ,  -0.0074809051868 ,  0.352819559161 ,  -0.0719301686258 ,  0.022310848681 ,  0.0904131849409 ,  1.0 ,  0.0869217537033 ,  0.101130402576 ,  0.147673148436 ,  0.323847528119 ,  0.0162934569857 ,  0.134656892866 ,  0.258377557827 ,  0.278765377333 ,  0.00098455459495 ,  -0.0365640099907 ,  0.230915237864 ,  0.230915237864 ,  -0.00232672107603 ,  0.162303374521 ,  0.162303374521 ,  0.0945125203995 ,  0.137532362802 ,  0.42417894905 ,  0.250679505285 ,  -0.0698930729864 ,  0.192919315975 ,  0.192919315975 ,  0.0333907930904 ,  0.130772672489 ,  -0.0397285366441 ,  -0.00511231360315 ,  -0.0274111518699 ,  0.0981140799674 ,  -0.0541638381857 ,  -0.0795913676982 ,  0.16766097671 ,  0.120581193653 ,  0.0959554784407 ,  0.106119000843 ,  0.439561011396 ,  -0.0585981801492 ,  -0.00944699767096 ,  -0.0158552943921 ,  -0.054532548372 ,  -0.00466288725448 ,  0.321510829098 ,  0.0628531328135 ,  -0.0229307235807 ,  -0.033234264009 ,  0.131386788925 ,  0.131386788925 ,  0.0332687489368 ,  0.156627025284 ,  0.156627025284 ,  0.0391775444485 ,  0.0391775444485 ,  0.506201420513 ,  -0.0122026004558 ,  -0.0223419683396 ,  -0.0940809510644 ,  0.221769776319 ,  -0.0743334379354 ,  -0.00944426790658 ,  0.254394356287 ,  0.00120141962734 ,  -0.0484352844705 ,  0.0206396135186 ,  0.0311781014058 ,  0.0506656566317 ,  -0.00511231360315 ,  0.0422362658614
APPREHENSIVE ,  -0.0136896506617 ,  0.00189023619782 ,  0.076142463002 ,  0.0507723539778 ,  0.212280672822 ,  0.199377549181 ,  0.0869217537033 ,  1.0 ,  0.203406607307 ,  0.0571057145952 ,  0.0742503131598 ,  0.141450953727 ,  0.118419510608 ,  0.244145225961 ,  0.172872674688 ,  0.0823345627269 ,  0.0121424368698 ,  0.0494376831123 ,  0.0494376831123 ,  0.204633785687 ,  0.139134968114 ,  0.139134968114 ,  0.187748647862 ,  0.192101577272 ,  0.0948494599489 ,  0.126085848307 ,  0.0431744098437 ,  0.0957312199647 ,  0.0957312199647 ,  0.155765788224 ,  0.107485773835 ,  0.00639838710673 ,  0.0220117410903 ,  0.211506513875 ,  -0.00376747719124 ,  0.146100438269 ,  0.10872148047 ,  0.120419920962 ,  0.231102868337 ,  0.0159057350614 ,  0.0561766741789 ,  0.0656864022537 ,  0.132154685253 ,  0.184779437712 ,  0.234369830886 ,  0.0261324489156 ,  0.109937832927 ,  0.0536213533883 ,  -0.0338135449007 ,  0.0809521341308 ,  0.411933707489 ,  0.0978711171535 ,  0.0978711171535 ,  0.0985404816763 ,  0.130403867413 ,  0.130403867413 ,  -3.05822835262e-05 ,  -3.05822835262e-05 ,  0.17019521478 ,  0.14822202276 ,  0.251647856637 ,  -0.00733177045932 ,  0.168868806376 ,  0.252046098629 ,  0.269296508386 ,  0.103225530341 ,  0.000384254802607 ,  0.342925478176 ,  0.321684058102 ,  0.26720323286 ,  0.0292383484466 ,  0.0220117410903 ,  0.404329436412
CALM ,  -0.0422402731539 ,  0.0064279959446 ,  0.0576195078733 ,  0.0498571002501 ,  0.156935618668 ,  0.0767000055502 ,  0.101130402576 ,  0.203406607307 ,  1.0 ,  0.230191241103 ,  0.202370964001 ,  0.418020897407 ,  0.141122674075 ,  0.26673032685 ,  0.174278343417 ,  0.0333457999731 ,  0.0192531953554 ,  0.0364122688939 ,  0.0364122688939 ,  -0.0166247361742 ,  0.142821613503 ,  0.142821613503 ,  0.151512324784 ,  0.0946895500374 ,  0.157779775776 ,  0.0368232570852 ,  0.0770653924261 ,  0.122275802598 ,  0.122275802598 ,  0.111154285651 ,  0.185301358897 ,  0.0969053033211 ,  0.0953692345348 ,  0.157215199421 ,  -0.0563874125544 ,  0.0620798174302 ,  0.105426605856 ,  0.00744977024901 ,  0.148199707997 ,  -0.0481699670472 ,  0.139468178653 ,  0.192841017634 ,  0.0582645197411 ,  0.122954576579 ,  0.136688468682 ,  0.0528164654712 ,  0.0507543287084 ,  0.0820895698721 ,  0.0981849302186 ,  0.129818914528 ,  0.216033024067 ,  0.0768020607286 ,  0.0768020607286 ,  0.153870368541 ,  0.157764823411 ,  0.157764823411 ,  0.0624752998387 ,  0.0624752998387 ,  0.174528717685 ,  0.00980479417501 ,  0.050958741164 ,  0.0104057759297 ,  0.119831419661 ,  0.148974317569 ,  0.268265489144 ,  0.0779202060099 ,  0.0525468750486 ,  0.162202782068 ,  0.163908497921 ,  0.230026780262 ,  0.0363883776548 ,  0.0953692345348 ,  0.220758765436
COMFORT ,  0.0404468791082 ,  0.0216611236118 ,  0.12488455318 ,  0.157414267457 ,  0.120112008188 ,  0.0157083238629 ,  0.147673148436 ,  0.0571057145952 ,  0.230191241103 ,  1.0 ,  0.27902694607 ,  0.0641220090584 ,  0.28956684365 ,  0.17737686823 ,  0.274133377717 ,  0.160363989743 ,  0.132031273481 ,  0.16368241021 ,  0.16368241021 ,  0.0542684236924 ,  0.138576341772 ,  0.138576341772 ,  0.0176259194231 ,  0.0709088608242 ,  0.278817111114 ,  0.189780812439 ,  0.0596578831916 ,  0.235494531362 ,  0.235494531362 ,  0.126169644321 ,  0.186087971466 ,  0.00266329974152 ,  0.0531055011568 ,  -0.0368261543281 ,  -0.0544508498546 ,  -0.0523748243843 ,  0.0947110514158 ,  0.18597952397 ,  0.12437923532 ,  0.0438010784993 ,  0.194566130451 ,  0.154495365029 ,  0.142390831611 ,  0.122776661251 ,  0.100261010792 ,  0.0661137579551 ,  0.117708540619 ,  0.118754505013 ,  0.210160123799 ,  0.132167801183 ,  0.0708944542736 ,  0.275451351819 ,  0.275451351819 ,  0.260630769698 ,  0.180862051804 ,  0.180862051804 ,  0.140445376384 ,  0.140445376384 ,  0.172455262012 ,  0.0574285104492 ,  -0.083588903349 ,  0.0549889311032 ,  0.31525835717 ,  0.139299761656 ,  0.149768789412 ,  0.361585066033 ,  0.0316543750441 ,  0.100395013458 ,  0.0909592895017 ,  0.131286661908 ,  -0.00329661479897 ,  0.0531055011568 ,  0.0773803376345
COMPASSION ,  0.120478749342 ,  0.0343005777745 ,  0.334390080832 ,  0.00679421007594 ,  0.072418434551 ,  0.0868642449011 ,  0.323847528119 ,  0.0742503131598 ,  0.202370964001 ,  0.27902694607 ,  1.0 ,  0.020557693511 ,  0.240265461688 ,  0.441884645832 ,  0.401959862089 ,  0.0383225083882 ,  -0.0215278658617 ,  0.156534582818 ,  0.156534582818 ,  -0.0537610786072 ,  0.190530133164 ,  0.190530133164 ,  0.0239792748945 ,  0.231389865871 ,  0.635687749703 ,  0.316195049036 ,  0.0380237658899 ,  0.286308775746 ,  0.286308775746 ,  -0.0267029302916 ,  0.237156709391 ,  0.0427105720103 ,  0.000105104746703 ,  -0.070739147731 ,  0.0164005444382 ,  -0.0938061206656 ,  0.0513694272129 ,  0.242826546969 ,  0.376844039647 ,  0.0747313292663 ,  0.170420231215 ,  0.51629070132 ,  0.0426318658066 ,  0.000253303851222 ,  -0.0408406279762 ,  -0.0033513948054 ,  -0.0220119969444 ,  0.22214012748 ,  0.251024010523 ,  0.2042356912 ,  0.0244255001462 ,  0.195466818286 ,  0.195466818286 ,  0.246873055929 ,  0.235313078153 ,  0.235313078153 ,  0.10186858761 ,  0.10186858761 ,  0.410495653249 ,  0.0212580097715 ,  0.0231861274886 ,  -0.0262719409319 ,  0.320910320348 ,  -0.0311403669161 ,  0.0747706740213 ,  0.412111742884 ,  0.0161382806855 ,  -0.00429887031006 ,  0.0165722658095 ,  0.0106606240038 ,  0.0944957302854 ,  0.000105104746703 ,  0.0769468574762
COOL ,  -0.0665615496233 ,  -0.00410595729069 ,  -0.0454819763759 ,  0.084286898943 ,  0.108900000809 ,  0.121401642202 ,  0.0162934569857 ,  0.141450953727 ,  0.418020897407 ,  0.0641220090584 ,  0.020557693511 ,  1.0 ,  0.0702337424686 ,  0.0969741954905 ,  0.0467890408037 ,  0.0133245349828 ,  0.00892816520429 ,  0.012741269612 ,  0.012741269612 ,  0.0461686054421 ,  0.0568347485243 ,  0.0568347485243 ,  0.237471297308 ,  0.0718631915933 ,  0.0239490045746 ,  -0.027414780158 ,  0.16228224063 ,  0.0642210556646 ,  0.0642210556646 ,  0.106773415091 ,  0.0782599998383 ,  0.0520106551126 ,  0.158008336757 ,  0.172604467755 ,  -0.0577073383223 ,  0.0973059333473 ,  0.105280690124 ,  -0.00286945336552 ,  0.0762261070728 ,  -0.0716811521149 ,  0.0841631021884 ,  0.0211502189196 ,  0.117483305195 ,  0.109713237058 ,  0.108400013372 ,  0.131255907758 ,  0.0562188036998 ,  0.0165579974985 ,  0.127660164424 ,  0.0200116902392 ,  0.226583069128 ,  -0.00854271732686 ,  -0.00854271732686 ,  0.134761015282 ,  0.0509336961259 ,  0.0509336961259 ,  0.0661020120025 ,  0.0661020120025 ,  0.0240257902543 ,  -0.0132719165069 ,  0.115049571805 ,  0.0163034819992 ,  0.0191023119705 ,  0.125449359233 ,  0.22267194701 ,  0.0334181972637 ,  0.086274825625 ,  0.129964862684 ,  0.162720249787 ,  0.168445289037 ,  0.0678012291429 ,  0.158008336757 ,  0.136555324109
DELIGHT ,  0.0791978258383 ,  -0.0411969395773 ,  0.216188937598 ,  0.0769981418878 ,  0.0557529783684 ,  0.0537413380992 ,  0.134656892866 ,  0.118419510608 ,  0.141122674075 ,  0.28956684365 ,  0.240265461688 ,  0.0702337424686 ,  1.0 ,  0.309544284627 ,  0.278491965601 ,  0.0621335726818 ,  0.0196069920501 ,  0.140044623545 ,  0.140044623545 ,  -0.00342609104189 ,  0.157419407379 ,  0.157419407379 ,  -0.0691069149474 ,  0.136232595647 ,  0.27130320531 ,  0.248375125087 ,  0.0508212692092 ,  0.237083837954 ,  0.237083837954 ,  0.125729004827 ,  0.0941481579889 ,  -0.000374773004197 ,  -0.052070199338 ,  -0.101097383098 ,  0.0601200299318 ,  0.0026407056946 ,  0.0449777521181 ,  0.190038825439 ,  0.199165957545 ,  0.0794689991604 ,  0.0725265770892 ,  0.117435150002 ,  0.156739600824 ,  0.0421252707047 ,  0.160770693519 ,  -0.026994555842 ,  0.0575649838028 ,  0.196732279552 ,  0.0612721397751 ,  0.111818343429 ,  0.0575623499323 ,  0.246929025699 ,  0.246929025699 ,  0.4669555634 ,  0.184532593573 ,  0.184532593573 ,  0.166388580798 ,  0.166388580798 ,  0.181887491981 ,  0.0126282958926 ,  -0.0523142642396 ,  0.0341516965573 ,  0.430098794753 ,  0.0657118570163 ,  0.112836356095 ,  0.465681758203 ,  -0.0305087258367 ,  0.0520292291821 ,  0.0967900207105 ,  0.128903823711 ,  0.00772367075892 ,  -0.052070199338 ,  0.081976820785
DESPAIR ,  0.147377179558 ,  0.0459570341147 ,  0.331783686489 ,  0.0479794530637 ,  0.180456492187 ,  0.109070565733 ,  0.258377557827 ,  0.244145225961 ,  0.26673032685 ,  0.17737686823 ,  0.441884645832 ,  0.0969741954905 ,  0.309544284627 ,  1.0 ,  0.526659500804 ,  0.0438132653734 ,  -0.00992916390971 ,  0.128010282485 ,  0.128010282485 ,  -0.00093823052362 ,  0.333792288891 ,  0.333792288891 ,  -0.0711420929 ,  0.232823538771 ,  0.363962289011 ,  0.333039148463 ,  0.0915503603154 ,  0.304734638376 ,  0.304734638376 ,  0.0340269536082 ,  0.358477471074 ,  0.00872087801545 ,  0.0345197900493 ,  -0.0193657337019 ,  0.0210179100956 ,  -0.0361452189134 ,  0.0610354606178 ,  0.235766430552 ,  0.388756835695 ,  0.0937725538286 ,  0.18368627375 ,  0.488046282119 ,  -0.00234838987167 ,  0.0753611525977 ,  0.0717661700231 ,  0.0314433266597 ,  -0.0234813170849 ,  0.239762504118 ,  0.169914153212 ,  0.285898576272 ,  0.141090480501 ,  0.204367051686 ,  0.204367051686 ,  0.252044220104 ,  0.329064469826 ,  0.329064469826 ,  0.145430816515 ,  0.145430816515 ,  0.529392559871 ,  0.0963305340494 ,  0.0159568149386 ,  -0.0438479041382 ,  0.366011444392 ,  0.051924620411 ,  0.164259142348 ,  0.337168611172 ,  0.00470082463884 ,  0.136298134546 ,  0.178863491724 ,  0.13131565186 ,  0.051233821308 ,  0.0345197900493 ,  0.24043839826
DESPERATION ,  0.122872204703 ,  0.00426062189979 ,  0.296682594809 ,  0.0665062636446 ,  0.125969312145 ,  0.041328375147 ,  0.278765377333 ,  0.172872674688 ,  0.174278343417 ,  0.274133377717 ,  0.401959862089 ,  0.0467890408037 ,  0.278491965601 ,  0.526659500804 ,  1.0 ,  0.0624737731882 ,  0.0165839180993 ,  0.149269185283 ,  0.149269185283 ,  -0.0100229337794 ,  0.289312161949 ,  0.289312161949 ,  -0.0391535420821 ,  0.196675970113 ,  0.404485154659 ,  0.335761675531 ,  0.0203506676116 ,  0.248604859889 ,  0.248604859889 ,  0.0291001282724 ,  0.257344037035 ,  0.00457024896666 ,  0.0667697791011 ,  -0.0479777452036 ,  0.114653828515 ,  -0.052366965574 ,  0.0321700651326 ,  0.276567761719 ,  0.262075304845 ,  0.114568126253 ,  0.220592591644 ,  0.371611123079 ,  0.0309281986377 ,  0.0576942146376 ,  0.0440156954006 ,  0.0185052125407 ,  0.0430171775601 ,  0.247434064143 ,  0.167962355039 ,  0.165303793412 ,  0.0974453026622 ,  0.271716133477 ,  0.271716133477 ,  0.199642684702 ,  0.227024573006 ,  0.227024573006 ,  0.14948607904 ,  0.14948607904 ,  0.406667772677 ,  0.0313992985678 ,  -0.0112992468103 ,  -0.06361066783 ,  0.383192018513 ,  0.0280220168021 ,  0.105286784479 ,  0.32401379598 ,  0.00308977500364 ,  0.0745506138203 ,  0.129145077974 ,  0.0529943873929 ,  0.0669228801699 ,  0.0667697791011 ,  0.110879439265
DESPISE ,  0.0131148105986 ,  0.501229602499 ,  0.0242379430833 ,  0.629807843056 ,  0.0843913216402 ,  0.00499698701871 ,  0.00098455459495 ,  0.0823345627269 ,  0.0333457999731 ,  0.160363989743 ,  0.0383225083882 ,  0.0133245349828 ,  0.0621335726818 ,  0.0438132653734 ,  0.0624737731882 ,  1.0 ,  0.611565635291 ,  0.504002469945 ,  0.504002469945 ,  0.130286054042 ,  0.141700371154 ,  0.141700371154 ,  -0.0166947076686 ,  0.0444831240215 ,  0.0390880836241 ,  0.0219924250517 ,  0.240567306538 ,  0.322071471357 ,  0.322071471357 ,  0.318580974101 ,  0.162449504687 ,  0.0116151614447 ,  0.0194126681525 ,  -0.0629935840433 ,  -0.16286020553 ,  -0.0288768043736 ,  0.259104570019 ,  0.0535747358106 ,  0.098529186285 ,  -0.0736368695673 ,  0.3146710583 ,  0.106191036859 ,  0.122261584464 ,  0.241150670897 ,  0.237856409317 ,  0.150144202985 ,  0.470695891631 ,  0.219627817992 ,  0.225799132525 ,  0.293957052344 ,  0.0374786666995 ,  0.30577365991 ,  0.30577365991 ,  0.0305118720888 ,  0.256015850073 ,  0.256015850073 ,  0.28142674712 ,  0.28142674712 ,  0.0533928162231 ,  0.447781360283 ,  0.0130271400841 ,  0.179706584352 ,  0.00914528311387 ,  0.180906122861 ,  0.12893325546 ,  0.0422944563246 ,  0.0106870839005 ,  0.174021831708 ,  0.215120639823 ,  0.169786687903 ,  -0.01461088453 ,  0.0194126681525 ,  0.0573812696562
DETEST ,  -0.0402780369939 ,  0.512705476258 ,  -0.0732834079502 ,  0.523002543448 ,  0.0756586977682 ,  -0.0430629032205 ,  -0.0365640099907 ,  0.0121424368698 ,  0.0192531953554 ,  0.132031273481 ,  -0.0215278658617 ,  0.00892816520429 ,  0.0196069920501 ,  -0.00992916390971 ,  0.0165839180993 ,  0.611565635291 ,  1.0 ,  0.440603439491 ,  0.440603439491 ,  0.0833168934968 ,  0.16645272123 ,  0.16645272123 ,  -0.0621535878855 ,  -0.0221765535492 ,  0.0157426857888 ,  -0.0709225541587 ,  0.200844296085 ,  0.208469616977 ,  0.208469616977 ,  0.264200029499 ,  0.172930719228 ,  0.0293349458609 ,  0.000679466002454 ,  -0.0123342958807 ,  -0.0743759304952 ,  0.0110610573874 ,  0.241141536791 ,  -0.00159748937484 ,  0.0517858982285 ,  -0.00923183488829 ,  0.25589661469 ,  -0.00132569400694 ,  0.0540848829947 ,  0.244580597342 ,  0.221030325641 ,  0.130820181076 ,  0.427219046601 ,  0.188510543624 ,  0.161752113927 ,  0.276578422607 ,  -0.00684056407678 ,  0.244293180536 ,  0.244293180536 ,  0.00636052572684 ,  0.243692031696 ,  0.243692031696 ,  0.290778101836 ,  0.290778101836 ,  -0.0392589433389 ,  0.4037637945 ,  0.00267708087658 ,  0.152655046833 ,  -0.00581630811178 ,  0.166414588376 ,  0.105150396177 ,  -0.00452454278139 ,  0.0158105515472 ,  0.15588396328 ,  0.147162677081 ,  0.142774449213 ,  -0.0224955961434 ,  0.000679466002454 ,  0.0288914150004
DISLIKE ,  0.244563505259 ,  0.358790041917 ,  0.236410811521 ,  0.506831761851 ,  0.155186173798 ,  -0.0290881677512 ,  0.230915237864 ,  0.0494376831123 ,  0.0364122688939 ,  0.16368241021 ,  0.156534582818 ,  0.012741269612 ,  0.140044623545 ,  0.128010282485 ,  0.149269185283 ,  0.504002469945 ,  0.440603439491 ,  1.0 ,  1.0 ,  0.0425189472169 ,  0.262134515088 ,  0.262134515088 ,  -0.133175624357 ,  0.0229713226369 ,  0.225241664626 ,  0.198918607048 ,  0.228794814006 ,  0.306516938102 ,  0.306516938102 ,  0.143890022611 ,  0.291211928276 ,  -0.0373949080552 ,  0.0317613327387 ,  -0.128851042135 ,  -0.0507137628074 ,  -0.00923364904835 ,  0.124840453233 ,  0.105228998653 ,  0.121636723201 ,  0.0544412160786 ,  0.379791285704 ,  0.289751603438 ,  0.0874960972832 ,  0.105710953295 ,  0.154011097486 ,  0.131179528206 ,  0.32635323662 ,  0.382460291779 ,  0.359018376325 ,  0.239301893477 ,  -0.00338849011386 ,  0.299458121282 ,  0.299458121282 ,  0.108663335164 ,  0.387908081662 ,  0.387908081662 ,  0.367608213737 ,  0.367608213737 ,  0.218147713513 ,  0.379784974888 ,  -0.039564320955 ,  0.0940399367849 ,  0.114345504483 ,  0.0900575402334 ,  0.165255466142 ,  0.127188104211 ,  0.0811772064431 ,  0.114706028035 ,  0.0660166861619 ,  0.224646536185 ,  0.113575350279 ,  0.0317613327387 ,  0.100724596122
DISLIKE ,  0.244563505259 ,  0.358790041917 ,  0.236410811521 ,  0.506831761851 ,  0.155186173798 ,  -0.0290881677512 ,  0.230915237864 ,  0.0494376831123 ,  0.0364122688939 ,  0.16368241021 ,  0.156534582818 ,  0.012741269612 ,  0.140044623545 ,  0.128010282485 ,  0.149269185283 ,  0.504002469945 ,  0.440603439491 ,  1.0 ,  1.0 ,  0.0425189472169 ,  0.262134515088 ,  0.262134515088 ,  -0.133175624357 ,  0.0229713226369 ,  0.225241664626 ,  0.198918607048 ,  0.228794814006 ,  0.306516938102 ,  0.306516938102 ,  0.143890022611 ,  0.291211928276 ,  -0.0373949080552 ,  0.0317613327387 ,  -0.128851042135 ,  -0.0507137628074 ,  -0.00923364904835 ,  0.124840453233 ,  0.105228998653 ,  0.121636723201 ,  0.0544412160786 ,  0.379791285704 ,  0.289751603438 ,  0.0874960972832 ,  0.105710953295 ,  0.154011097486 ,  0.131179528206 ,  0.32635323662 ,  0.382460291779 ,  0.359018376325 ,  0.239301893477 ,  -0.00338849011386 ,  0.299458121282 ,  0.299458121282 ,  0.108663335164 ,  0.387908081662 ,  0.387908081662 ,  0.367608213737 ,  0.367608213737 ,  0.218147713513 ,  0.379784974888 ,  -0.039564320955 ,  0.0940399367849 ,  0.114345504483 ,  0.0900575402334 ,  0.165255466142 ,  0.127188104211 ,  0.0811772064431 ,  0.114706028035 ,  0.0660166861619 ,  0.224646536185 ,  0.113575350279 ,  0.0317613327387 ,  0.100724596122
DISSATISFIED ,  -0.0475676206104 ,  0.0731569608412 ,  -0.0406199645866 ,  0.0788105985816 ,  0.13549408971 ,  0.13141877827 ,  -0.00232672107603 ,  0.204633785687 ,  -0.0166247361742 ,  0.0542684236924 ,  -0.0537610786072 ,  0.0461686054421 ,  -0.00342609104189 ,  -0.00093823052362 ,  -0.0100229337794 ,  0.130286054042 ,  0.0833168934968 ,  0.0425189472169 ,  0.0425189472169 ,  1.0 ,  -0.0576431393564 ,  -0.0576431393564 ,  0.241767986802 ,  0.240717831337 ,  0.0104450448498 ,  -0.0177711564665 ,  0.0134471167417 ,  -0.0475961737051 ,  -0.0475961737051 ,  0.176865290592 ,  0.0286497964663 ,  0.0573142870351 ,  0.0552089009369 ,  0.132932971887 ,  -0.0733786414142 ,  0.00909469843837 ,  0.155057518735 ,  -0.000751096761613 ,  0.0477986158878 ,  0.0028553773149 ,  0.0177459051995 ,  -0.0527798183151 ,  0.222240878607 ,  0.195964781783 ,  0.260227726629 ,  0.0170054652769 ,  0.0715033159372 ,  -0.0359890486079 ,  -0.0274170074451 ,  0.0273070983869 ,  0.189425324058 ,  0.00770224923987 ,  0.00770224923987 ,  0.00422887348269 ,  0.0252998039378 ,  0.0252998039378 ,  -0.0297907096794 ,  -0.0297907096794 ,  0.0223984156145 ,  0.119618846459 ,  0.116434201097 ,  0.00916637782492 ,  0.117421782884 ,  0.407284714987 ,  0.134829011535 ,  -0.00636151418737 ,  0.00019136557987 ,  0.215360328551 ,  0.23564111017 ,  0.195544272521 ,  0.00568527836141 ,  0.0552089009369 ,  0.198467321387
DREAD ,  0.163468845043 ,  0.19428691755 ,  0.208159783757 ,  0.171727036846 ,  0.118567704518 ,  0.032211251581 ,  0.162303374521 ,  0.139134968114 ,  0.142821613503 ,  0.138576341772 ,  0.190530133164 ,  0.0568347485243 ,  0.157419407379 ,  0.333792288891 ,  0.289312161949 ,  0.141700371154 ,  0.16645272123 ,  0.262134515088 ,  0.262134515088 ,  -0.0576431393564 ,  1.0 ,  1.0 ,  -0.0623711582244 ,  0.0938174949199 ,  0.162841718581 ,  0.263366292709 ,  0.186930618845 ,  0.295104513558 ,  0.295104513558 ,  0.0690994580794 ,  0.295494336762 ,  -0.0216249286858 ,  -9.21396350504e-05 ,  0.0429573495126 ,  0.143863310299 ,  0.0399470626337 ,  0.120734791023 ,  0.205819794646 ,  0.247068165564 ,  0.12564039757 ,  0.278653143037 ,  0.233093817802 ,  -0.0242815549816 ,  0.0571113059162 ,  0.0288233724785 ,  0.00929026010028 ,  0.169754602981 ,  0.258157167256 ,  0.233016913485 ,  0.244844151398 ,  0.0560877549081 ,  0.199426188754 ,  0.199426188754 ,  0.181934203438 ,  0.388397646049 ,  0.388397646049 ,  0.407871952368 ,  0.407871952368 ,  0.253861469572 ,  0.229118522079 ,  0.0614734781511 ,  0.0453658563928 ,  0.20667531915 ,  0.0323948630147 ,  0.140908803833 ,  0.193411473815 ,  0.0285195705946 ,  0.184018885131 ,  0.137222210568 ,  0.0972379126385 ,  0.0711227383488 ,  -9.21396350504e-05 ,  0.131471700039
DREAD ,  0.163468845043 ,  0.19428691755 ,  0.208159783757 ,  0.171727036846 ,  0.118567704518 ,  0.032211251581 ,  0.162303374521 ,  0.139134968114 ,  0.142821613503 ,  0.138576341772 ,  0.190530133164 ,  0.0568347485243 ,  0.157419407379 ,  0.333792288891 ,  0.289312161949 ,  0.141700371154 ,  0.16645272123 ,  0.262134515088 ,  0.262134515088 ,  -0.0576431393564 ,  1.0 ,  1.0 ,  -0.0623711582244 ,  0.0938174949199 ,  0.162841718581 ,  0.263366292709 ,  0.186930618845 ,  0.295104513558 ,  0.295104513558 ,  0.0690994580794 ,  0.295494336762 ,  -0.0216249286858 ,  -9.21396350504e-05 ,  0.0429573495126 ,  0.143863310299 ,  0.0399470626337 ,  0.120734791023 ,  0.205819794646 ,  0.247068165564 ,  0.12564039757 ,  0.278653143037 ,  0.233093817802 ,  -0.0242815549816 ,  0.0571113059162 ,  0.0288233724785 ,  0.00929026010028 ,  0.169754602981 ,  0.258157167256 ,  0.233016913485 ,  0.244844151398 ,  0.0560877549081 ,  0.199426188754 ,  0.199426188754 ,  0.181934203438 ,  0.388397646049 ,  0.388397646049 ,  0.407871952368 ,  0.407871952368 ,  0.253861469572 ,  0.229118522079 ,  0.0614734781511 ,  0.0453658563928 ,  0.20667531915 ,  0.0323948630147 ,  0.140908803833 ,  0.193411473815 ,  0.0285195705946 ,  0.184018885131 ,  0.137222210568 ,  0.0972379126385 ,  0.0711227383488 ,  -9.21396350504e-05 ,  0.131471700039
EMPATHETIC ,  -0.0981475605717 ,  0.00522826518843 ,  -0.0569100300221 ,  -0.0130072812288 ,  0.0213194676718 ,  0.189782374725 ,  0.0945125203995 ,  0.187748647862 ,  0.151512324784 ,  0.0176259194231 ,  0.0239792748945 ,  0.237471297308 ,  -0.0691069149474 ,  -0.0711420929 ,  -0.0391535420821 ,  -0.0166947076686 ,  -0.0621535878855 ,  -0.133175624357 ,  -0.133175624357 ,  0.241767986802 ,  -0.0623711582244 ,  -0.0623711582244 ,  1.0 ,  0.302061999121 ,  0.0911850519973 ,  -0.052829203855 ,  -0.0592917029014 ,  -0.0331869433564 ,  -0.0331869433564 ,  0.143124352297 ,  -0.101518867694 ,  0.0124067423512 ,  -0.0157331126081 ,  0.452153337879 ,  -0.126033994948 ,  0.193597028342 ,  0.0498897378161 ,  0.0419067083589 ,  0.106888508109 ,  -0.122392084537 ,  -0.00569437962011 ,  -0.0569674440202 ,  0.0743038631943 ,  0.120913604709 ,  0.195329721339 ,  -0.0363135072078 ,  0.0492369594749 ,  -0.108120058958 ,  -0.0214243115786 ,  -0.0556583750045 ,  0.185006423883 ,  -0.0844135076938 ,  -0.0844135076938 ,  -0.0637743880521 ,  -0.149517713996 ,  -0.149517713996 ,  -0.144819737779 ,  -0.144819737779 ,  -0.0395681559574 ,  -0.0298030748194 ,  0.405279690599 ,  -0.0981452186766 ,  -0.040815923012 ,  0.159570817118 ,  0.0861419710443 ,  0.029542711876 ,  -0.0634337442441 ,  0.15029129081 ,  0.191046151255 ,  0.057582361264 ,  -0.0547507096459 ,  -0.0157331126081 ,  0.0325295677806
EMPATHIZE ,  0.130013607629 ,  0.0160657608429 ,  0.258182834296 ,  0.0660482138106 ,  0.0616670765513 ,  0.252008710047 ,  0.137532362802 ,  0.192101577272 ,  0.0946895500374 ,  0.0709088608242 ,  0.231389865871 ,  0.0718631915933 ,  0.136232595647 ,  0.232823538771 ,  0.196675970113 ,  0.0444831240215 ,  -0.0221765535492 ,  0.0229713226369 ,  0.0229713226369 ,  0.240717831337 ,  0.0938174949199 ,  0.0938174949199 ,  0.302061999121 ,  1.0 ,  0.352233593266 ,  0.160591256812 ,  0.0302829857639 ,  0.128398267633 ,  0.128398267633 ,  0.120045701917 ,  0.0411132356037 ,  -0.0141044566572 ,  0.0452509181134 ,  0.0846801457588 ,  -0.0407078633186 ,  -0.00671715053159 ,  0.0956438594255 ,  0.194922882349 ,  0.40850793591 ,  0.00701483523455 ,  0.00932332319773 ,  0.152683085737 ,  0.0737031746344 ,  0.0467340579363 ,  0.131681527287 ,  -0.0192611440799 ,  -0.0403429889148 ,  0.14778526905 ,  0.0482887555743 ,  0.164808431951 ,  0.113138526631 ,  0.111732016684 ,  0.111732016684 ,  0.129389288101 ,  0.0368609014418 ,  0.0368609014418 ,  0.0708316230972 ,  0.0708316230972 ,  0.133565398104 ,  -0.0323207935729 ,  0.127498577057 ,  -0.012573750814 ,  0.206836040512 ,  0.131137742854 ,  0.044055414501 ,  0.258848081588 ,  -0.0773248887741 ,  0.0304616661336 ,  0.225912199152 ,  0.118031175124 ,  0.102723355349 ,  0.0452509181134 ,  0.134178798727
EMPATHY ,  0.222626396667 ,  0.0236833253954 ,  0.429884702215 ,  -0.0378429925898 ,  0.0597527085064 ,  0.112842916361 ,  0.42417894905 ,  0.0948494599489 ,  0.157779775776 ,  0.278817111114 ,  0.635687749703 ,  0.0239490045746 ,  0.27130320531 ,  0.363962289011 ,  0.404485154659 ,  0.0390880836241 ,  0.0157426857888 ,  0.225241664626 ,  0.225241664626 ,  0.0104450448498 ,  0.162841718581 ,  0.162841718581 ,  0.0911850519973 ,  0.352233593266 ,  1.0 ,  0.368771878743 ,  -0.0165894162209 ,  0.271846498604 ,  0.271846498604 ,  0.0161285056589 ,  0.203088908693 ,  -0.0070938525595 ,  -0.0102206676248 ,  -0.0484571134696 ,  0.0209175856796 ,  -0.0937888994813 ,  0.00401123679288 ,  0.300142343181 ,  0.379122911926 ,  0.0604134575316 ,  0.128178042096 ,  0.477363712958 ,  0.0214173680487 ,  0.0106727983935 ,  0.0160008399742 ,  -0.0410643400529 ,  -0.0422518727822 ,  0.30800841967 ,  0.214771709504 ,  0.117625737873 ,  0.0279714475961 ,  0.254390223804 ,  0.254390223804 ,  0.177579261908 ,  0.20820349618 ,  0.20820349618 ,  0.138891833856 ,  0.138891833856 ,  0.383891875591 ,  -0.0102599173716 ,  -0.00409244637629 ,  -0.0763165826458 ,  0.371422032083 ,  -0.0184682875242 ,  0.0313937317556 ,  0.430572317838 ,  -0.0443931524458 ,  -0.0321735031044 ,  0.0629104895584 ,  0.032654923424 ,  0.0620471036559 ,  -0.0102206676248 ,  0.0711119728294
ENJOYMENT ,  0.421804373689 ,  -0.0465284291753 ,  0.514842182219 ,  -0.00163756352429 ,  0.144203893672 ,  0.0384375565007 ,  0.250679505285 ,  0.126085848307 ,  0.0368232570852 ,  0.189780812439 ,  0.316195049036 ,  -0.027414780158 ,  0.248375125087 ,  0.333039148463 ,  0.335761675531 ,  0.0219924250517 ,  -0.0709225541587 ,  0.198918607048 ,  0.198918607048 ,  -0.0177711564665 ,  0.263366292709 ,  0.263366292709 ,  -0.052829203855 ,  0.160591256812 ,  0.368771878743 ,  1.0 ,  0.0435389315429 ,  0.260744359853 ,  0.260744359853 ,  0.0294007291335 ,  0.203070537489 ,  -0.0330671969985 ,  -0.0210265532805 ,  -0.125707279642 ,  0.000950780628934 ,  -0.020090355251 ,  -0.030565003974 ,  0.408230632549 ,  0.197495609346 ,  0.128814253386 ,  0.0567835638278 ,  0.374535848463 ,  0.0533465872164 ,  -0.014806228788 ,  -0.0843992004021 ,  -0.0486481009307 ,  -0.0400914079285 ,  0.349220645809 ,  0.141075024207 ,  0.00807767193849 ,  -0.00555922936618 ,  0.116457594119 ,  0.116457594119 ,  0.183570962511 ,  0.153176692993 ,  0.153176692993 ,  0.147716464255 ,  0.147716464255 ,  0.362814447327 ,  -0.0142014275818 ,  -0.000451623864265 ,  -0.0593323623388 ,  0.417614824425 ,  -0.0517481233353 ,  0.0715543981451 ,  0.382724699996 ,  -0.0202734972847 ,  0.0513897282831 ,  0.0862060912106 ,  -0.0125634055091 ,  0.00747441440139 ,  -0.0210265532805 ,  0.0846449332302
ENJOY ,  -0.071829521687 ,  0.212829595842 ,  -0.0965157446408 ,  0.352228740871 ,  0.10433395399 ,  -0.00879444600692 ,  -0.0698930729864 ,  0.0431744098437 ,  0.0770653924261 ,  0.0596578831916 ,  0.0380237658899 ,  0.16228224063 ,  0.0508212692092 ,  0.0915503603154 ,  0.0203506676116 ,  0.240567306538 ,  0.200844296085 ,  0.228794814006 ,  0.228794814006 ,  0.0134471167417 ,  0.186930618845 ,  0.186930618845 ,  -0.0592917029014 ,  0.0302829857639 ,  -0.0165894162209 ,  0.0435389315429 ,  1.0 ,  0.0977966118681 ,  0.0977966118681 ,  0.00218327339638 ,  0.2064857899 ,  0.0467909047744 ,  0.179921155525 ,  0.0134983743859 ,  0.0496157162712 ,  -0.00198177772172 ,  0.177956870331 ,  0.02551112529 ,  0.0640485704642 ,  0.0763485626888 ,  0.304714388869 ,  -0.0094776031037 ,  0.115248358439 ,  0.0387901153091 ,  0.0087571001933 ,  0.311530840512 ,  0.113008815358 ,  -0.0251354089702 ,  0.364754996266 ,  0.202814467349 ,  0.0174370058855 ,  0.069622672128 ,  0.069622672128 ,  0.206113824206 ,  0.277767054126 ,  0.277767054126 ,  0.385759879625 ,  0.385759879625 ,  0.01402512436 ,  0.506459672437 ,  0.0244608792794 ,  0.0395726712957 ,  0.0573888895778 ,  0.117361608592 ,  0.116948892855 ,  -0.0395939746745 ,  0.250202237368 ,  0.0593222023377 ,  0.0158629082612 ,  0.0945222900696 ,  0.222886986877 ,  0.179921155525 ,  0.112555034974
ENVY ,  0.188532327035 ,  0.193826235357 ,  0.293703757435 ,  0.282433960506 ,  0.0163130884767 ,  0.0457578058459 ,  0.192919315975 ,  0.0957312199647 ,  0.122275802598 ,  0.235494531362 ,  0.286308775746 ,  0.0642210556646 ,  0.237083837954 ,  0.304734638376 ,  0.248604859889 ,  0.322071471357 ,  0.208469616977 ,  0.306516938102 ,  0.306516938102 ,  -0.0475961737051 ,  0.295104513558 ,  0.295104513558 ,  -0.0331869433564 ,  0.128398267633 ,  0.271846498604 ,  0.260744359853 ,  0.0977966118681 ,  1.0 ,  1.0 ,  0.142469632696 ,  0.198316287051 ,  0.0600018498365 ,  -0.0539185035349 ,  -0.0475241697542 ,  -0.0353819086922 ,  -0.0479122513276 ,  0.0960611583687 ,  0.191916362557 ,  0.158172133978 ,  0.0287671772962 ,  0.218347744653 ,  0.303009003009 ,  0.0171404194593 ,  0.0755345906278 ,  0.0574306025276 ,  0.0087162035389 ,  0.176571967754 ,  0.324151224475 ,  0.230329173807 ,  0.165742724973 ,  0.0195116110279 ,  0.244028066794 ,  0.244028066794 ,  0.15427146367 ,  0.225056923568 ,  0.225056923568 ,  0.247762314762 ,  0.247762314762 ,  0.276425869671 ,  0.178626332029 ,  -0.0263539020544 ,  0.0216887478985 ,  0.179141691356 ,  0.00829884653936 ,  0.0755048361254 ,  0.226955233145 ,  -0.00681899374127 ,  0.0595373930446 ,  0.126528928451 ,  0.110170259112 ,  -0.00711064260803 ,  -0.0539185035349 ,  0.0539263797183
