WORDS  , CERTAIN , IDIOSYNCRATIC , ODDITY , PARTICULAR , PECULIAR , PECULIARITY , UNCANNY , UNIQUE , WEIRD
CERTAIN ,  1.0 ,  0.200366468242 ,  -0.0380816875585 ,  0.349914974542 ,  0.320503053829 ,  -0.0496600185255 ,  0.174916975844 ,  0.350051067927 ,  0.295139913622
IDIOSYNCRATIC ,  0.200366468242 ,  1.0 ,  -0.165885215702 ,  0.22614807864 ,  0.561907957675 ,  -0.135238780361 ,  0.460499729885 ,  0.427431509321 ,  0.34379049796
ODDITY ,  -0.0380816875585 ,  -0.165885215702 ,  1.0 ,  -0.0962117238543 ,  -0.0782266272212 ,  0.548043820182 ,  -0.0607951799512 ,  -0.0887612280694 ,  -0.0126591135458
PARTICULAR ,  0.349914974542 ,  0.22614807864 ,  -0.0962117238543 ,  1.0 ,  0.342509480352 ,  -0.0768105460787 ,  0.186745722224 ,  0.342518948261 ,  0.199440359952
PECULIAR ,  0.320503053829 ,  0.561907957675 ,  -0.0782266272212 ,  0.342509480352 ,  1.0 ,  -0.101229826022 ,  0.464506809687 ,  0.610558238587 ,  0.522021729122
PECULIARITY ,  -0.0496600185255 ,  -0.135238780361 ,  0.548043820182 ,  -0.0768105460787 ,  -0.101229826022 ,  1.0 ,  -0.111215886704 ,  -0.0612089145199 ,  -0.047947874641
UNCANNY ,  0.174916975844 ,  0.460499729885 ,  -0.0607951799512 ,  0.186745722224 ,  0.464506809687 ,  -0.111215886704 ,  1.0 ,  0.318121788058 ,  0.337049463213
UNIQUE ,  0.350051067927 ,  0.427431509321 ,  -0.0887612280694 ,  0.342518948261 ,  0.610558238587 ,  -0.0612089145199 ,  0.318121788058 ,  1.0 ,  0.398526546127
WEIRD ,  0.295139913622 ,  0.34379049796 ,  -0.0126591135458 ,  0.199440359952 ,  0.522021729122 ,  -0.047947874641 ,  0.337049463213 ,  0.398526546127 ,  1.0
