WORDS  , ACUTE , CONSIDERABLE , COUNT , CRITICAL , CRUCIAL , DECISIVE , EPIC , FUNDAMENTAL , IMPORTANCE , IMPORTANT , IMPORT , INSTRUMENTAL , KEY , LANDMARK , MAIN , MAJOR , PIVOTAL , SERIOUS , SERIOUSLY , SIGNIFICANCE , SIGNIFICANT , VITAL
ACUTE ,  1.0 ,  0.267273707395 ,  -0.00319896530723 ,  0.250455821216 ,  0.218212671353 ,  0.198554004801 ,  0.19014140992 ,  0.261879657424 ,  -0.0598480415674 ,  0.1896467728 ,  0.032113286419 ,  0.174473869924 ,  0.124045052924 ,  0.099597998185 ,  0.167868607723 ,  0.182021643524 ,  0.206776592275 ,  0.251312263421 ,  0.0705954257177 ,  -0.10115827334 ,  0.250848219156 ,  0.257291655997
CONSIDERABLE ,  0.267273707395 ,  1.0 ,  -0.000492078562296 ,  0.30135927873 ,  0.450891706011 ,  0.421697470308 ,  0.208633197962 ,  0.460044454065 ,  0.0425041717946 ,  0.336086005647 ,  -0.037328792993 ,  0.209786441212 ,  0.233541570041 ,  0.166888127414 ,  0.299860543217 ,  0.351028587673 ,  0.353391319313 ,  0.415565682725 ,  0.0744382010363 ,  -0.00749268660159 ,  0.61456933615 ,  0.387657927164
COUNT ,  -0.00319896530723 ,  -0.000492078562296 ,  1.0 ,  0.0584444565884 ,  0.0913501641556 ,  0.00534951538576 ,  0.030151539114 ,  0.0365143520552 ,  0.125943248182 ,  0.110634965254 ,  0.0886970532676 ,  0.0536390531809 ,  0.115158056759 ,  0.032787560134 ,  0.0552985532232 ,  0.0561044232259 ,  0.0258801763012 ,  0.0796655220258 ,  0.0689429181985 ,  0.122765488802 ,  0.115411396029 ,  0.0176249618229
CRITICAL ,  0.250455821216 ,  0.30135927873 ,  0.0584444565884 ,  1.0 ,  0.634427754666 ,  0.339456160114 ,  0.161666832664 ,  0.383170083903 ,  0.172398145877 ,  0.559309815182 ,  0.00221941884342 ,  0.240836567787 ,  0.429262785375 ,  0.182366429559 ,  0.267022271081 ,  0.336701074114 ,  0.392358857286 ,  0.35518798379 ,  0.0792053191933 ,  0.129416131049 ,  0.452702633633 ,  0.486516485617
CRUCIAL ,  0.218212671353 ,  0.450891706011 ,  0.0913501641556 ,  0.634427754666 ,  1.0 ,  0.550266186423 ,  0.205961785752 ,  0.517096112026 ,  0.200387868894 ,  0.613091164668 ,  -0.0144689909557 ,  0.354477645814 ,  0.573296117919 ,  0.294145016897 ,  0.340222352991 ,  0.412622702739 ,  0.641573730853 ,  0.395555194005 ,  0.0451866846652 ,  0.150038018532 ,  0.595684207557 ,  0.648312118631
DECISIVE ,  0.198554004801 ,  0.421697470308 ,  0.00534951538576 ,  0.339456160114 ,  0.550266186423 ,  1.0 ,  0.263068413823 ,  0.382919923499 ,  0.0613396062889 ,  0.324198267818 ,  -0.0538152620126 ,  0.340917176367 ,  0.341805483851 ,  0.229415497408 ,  0.250857493571 ,  0.278984520975 ,  0.608910616604 ,  0.346093007283 ,  0.0493302385729 ,  0.0441677437576 ,  0.453676024295 ,  0.38024908443
EPIC ,  0.19014140992 ,  0.208633197962 ,  0.030151539114 ,  0.161666832664 ,  0.205961785752 ,  0.263068413823 ,  1.0 ,  0.209895842046 ,  -0.0225066364336 ,  0.122262298026 ,  0.0212200380268 ,  0.20433640116 ,  0.119892847381 ,  0.347217076505 ,  0.136997637971 ,  0.178154859005 ,  0.268200809961 ,  0.184991477855 ,  0.0319314462874 ,  0.0124983451377 ,  0.20692665034 ,  0.151189172398
FUNDAMENTAL ,  0.261879657424 ,  0.460044454065 ,  0.0365143520552 ,  0.383170083903 ,  0.517096112026 ,  0.382919923499 ,  0.209895842046 ,  1.0 ,  0.15976927671 ,  0.388913864316 ,  0.0266562685071 ,  0.275385120226 ,  0.366286369452 ,  0.262963345601 ,  0.341923157282 ,  0.374759703085 ,  0.415541898591 ,  0.423672768286 ,  0.106191245772 ,  0.0837064989992 ,  0.516141528817 ,  0.499420459268
IMPORTANCE ,  -0.0598480415674 ,  0.0425041717946 ,  0.125943248182 ,  0.172398145877 ,  0.200387868894 ,  0.0613396062889 ,  -0.0225066364336 ,  0.15976927671 ,  1.0 ,  0.226185464926 ,  0.144515732405 ,  0.111253430724 ,  0.216954035939 ,  0.0752429629465 ,  0.0857518952341 ,  0.0759517377584 ,  0.0772246910471 ,  0.0821472081783 ,  0.164375444122 ,  0.595289424353 ,  0.1433207382 ,  0.188887485999
IMPORTANT ,  0.1896467728 ,  0.336086005647 ,  0.110634965254 ,  0.559309815182 ,  0.613091164668 ,  0.324198267818 ,  0.122262298026 ,  0.388913864316 ,  0.226185464926 ,  1.0 ,  0.0193241858037 ,  0.197162878383 ,  0.460455084278 ,  0.223909320962 ,  0.299987636606 ,  0.422391639442 ,  0.364127303591 ,  0.389102702134 ,  0.0909087407911 ,  0.15555290629 ,  0.564686312383 ,  0.490648185124
IMPORT ,  0.032113286419 ,  -0.037328792993 ,  0.0886970532676 ,  0.00221941884342 ,  -0.0144689909557 ,  -0.0538152620126 ,  0.0212200380268 ,  0.0266562685071 ,  0.144515732405 ,  0.0193241858037 ,  1.0 ,  -0.00454120140498 ,  0.0456677269602 ,  0.0505924452245 ,  -0.0469472113481 ,  0.0160837458593 ,  -0.0547701854168 ,  0.013077925685 ,  -0.0128599530182 ,  0.142448006242 ,  0.0017169376762 ,  0.0434049933367
INSTRUMENTAL ,  0.174473869924 ,  0.209786441212 ,  0.0536390531809 ,  0.240836567787 ,  0.354477645814 ,  0.340917176367 ,  0.20433640116 ,  0.275385120226 ,  0.111253430724 ,  0.197162878383 ,  -0.00454120140498 ,  1.0 ,  0.233185703851 ,  0.0913958608847 ,  0.145613863147 ,  0.159969661078 ,  0.382931511197 ,  0.186833553102 ,  -0.0715918097562 ,  0.0556416230132 ,  0.233679987028 ,  0.308720387072
KEY ,  0.124045052924 ,  0.233541570041 ,  0.115158056759 ,  0.429262785375 ,  0.573296117919 ,  0.341805483851 ,  0.119892847381 ,  0.366286369452 ,  0.216954035939 ,  0.460455084278 ,  0.0456677269602 ,  0.233185703851 ,  1.0 ,  0.258568945835 ,  0.405480260261 ,  0.408412463344 ,  0.422787144645 ,  0.316411587014 ,  0.034955329245 ,  0.164843750012 ,  0.391284052357 ,  0.449923546771
LANDMARK ,  0.099597998185 ,  0.166888127414 ,  0.032787560134 ,  0.182366429559 ,  0.294145016897 ,  0.229415497408 ,  0.347217076505 ,  0.262963345601 ,  0.0752429629465 ,  0.223909320962 ,  0.0505924452245 ,  0.0913958608847 ,  0.258568945835 ,  1.0 ,  0.21091681056 ,  0.308093867773 ,  0.314512822007 ,  0.170899251034 ,  0.00918095789546 ,  0.0322239442347 ,  0.268446409856 ,  0.233083123139
MAIN ,  0.167868607723 ,  0.299860543217 ,  0.0552985532232 ,  0.267022271081 ,  0.340222352991 ,  0.250857493571 ,  0.136997637971 ,  0.341923157282 ,  0.0857518952341 ,  0.299987636606 ,  -0.0469472113481 ,  0.145613863147 ,  0.405480260261 ,  0.21091681056 ,  1.0 ,  0.420660394318 ,  0.293720785754 ,  0.273756831538 ,  0.0697378510913 ,  0.058992069315 ,  0.332984050236 ,  0.323373783159
MAJOR ,  0.182021643524 ,  0.351028587673 ,  0.0561044232259 ,  0.336701074114 ,  0.412622702739 ,  0.278984520975 ,  0.178154859005 ,  0.374759703085 ,  0.0759517377584 ,  0.422391639442 ,  0.0160837458593 ,  0.159969661078 ,  0.408412463344 ,  0.308093867773 ,  0.420660394318 ,  1.0 ,  0.313233214342 ,  0.4188542394 ,  0.0741409158979 ,  0.0321188144855 ,  0.506175744591 ,  0.375019493067
PIVOTAL ,  0.206776592275 ,  0.353391319313 ,  0.0258801763012 ,  0.392358857286 ,  0.641573730853 ,  0.608910616604 ,  0.268200809961 ,  0.415541898591 ,  0.0772246910471 ,  0.364127303591 ,  -0.0547701854168 ,  0.382931511197 ,  0.422787144645 ,  0.314512822007 ,  0.293720785754 ,  0.313233214342 ,  1.0 ,  0.307969479392 ,  -0.0163236231849 ,  0.10655593325 ,  0.440034917197 ,  0.458101664884
SERIOUS ,  0.251312263421 ,  0.415565682725 ,  0.0796655220258 ,  0.35518798379 ,  0.395555194005 ,  0.346093007283 ,  0.184991477855 ,  0.423672768286 ,  0.0821472081783 ,  0.389102702134 ,  0.013077925685 ,  0.186833553102 ,  0.316411587014 ,  0.170899251034 ,  0.273756831538 ,  0.4188542394 ,  0.307969479392 ,  1.0 ,  0.188329442175 ,  0.0534028375038 ,  0.546090997568 ,  0.329478424772
SERIOUSLY ,  0.0705954257177 ,  0.0744382010363 ,  0.0689429181985 ,  0.0792053191933 ,  0.0451866846652 ,  0.0493302385729 ,  0.0319314462874 ,  0.106191245772 ,  0.164375444122 ,  0.0909087407911 ,  -0.0128599530182 ,  -0.0715918097562 ,  0.034955329245 ,  0.00918095789546 ,  0.0697378510913 ,  0.0741409158979 ,  -0.0163236231849 ,  0.188329442175 ,  1.0 ,  0.126813141894 ,  0.0914407573477 ,  0.0574695052553
SIGNIFICANCE ,  -0.10115827334 ,  -0.00749268660159 ,  0.122765488802 ,  0.129416131049 ,  0.150038018532 ,  0.0441677437576 ,  0.0124983451377 ,  0.0837064989992 ,  0.595289424353 ,  0.15555290629 ,  0.142448006242 ,  0.0556416230132 ,  0.164843750012 ,  0.0322239442347 ,  0.058992069315 ,  0.0321188144855 ,  0.10655593325 ,  0.0534028375038 ,  0.126813141894 ,  1.0 ,  0.126673975427 ,  0.0527764400817
SIGNIFICANT ,  0.250848219156 ,  0.61456933615 ,  0.115411396029 ,  0.452702633633 ,  0.595684207557 ,  0.453676024295 ,  0.20692665034 ,  0.516141528817 ,  0.1433207382 ,  0.564686312383 ,  0.0017169376762 ,  0.233679987028 ,  0.391284052357 ,  0.268446409856 ,  0.332984050236 ,  0.506175744591 ,  0.440034917197 ,  0.546090997568 ,  0.0914407573477 ,  0.126673975427 ,  1.0 ,  0.485807102085
VITAL ,  0.257291655997 ,  0.387657927164 ,  0.0176249618229 ,  0.486516485617 ,  0.648312118631 ,  0.38024908443 ,  0.151189172398 ,  0.499420459268 ,  0.188887485999 ,  0.490648185124 ,  0.0434049933367 ,  0.308720387072 ,  0.449923546771 ,  0.233083123139 ,  0.323373783159 ,  0.375019493067 ,  0.458101664884 ,  0.329478424772 ,  0.0574695052553 ,  0.0527764400817 ,  0.485807102085 ,  1.0
