WORDS  , ACCOLADE , ACCUSE , ADMIRATION , ADMIRE , ADMIRING , APPLAUD , APPRECIATE , APPRECIATION , APPRECIATIVE , APPROVING , BLAME , BLAME , BOO , CONTEMPT , CONTEMPTUOUS , CRITICAL , DAMNATION , DEPLORE , DERISIVE , DISAPPROVAL , DISAPPROVE , DISAPPROVING , DISDAINFUL , DISDAIN , DISDAIN , DISRESPECT , ESTEEM , ESTEEM , EXALTATION , EXALT , FAULT , FAULT , MOCKERY , MOCK , PRIZE , REPREHENSIBLE , REPROACH , RESPECT , RESPECT , REVERENCE , REVERE , SCORNFUL , SCORN , SCORN , SET , STORE , STIGMA , STIGMATIZE , UNCRITICAL , VALUE , VILIFICATION
ACCOLADE ,  1.0 ,  0.0343506952191 ,  0.2191748534 ,  0.0560574279105 ,  -0.0995171243109 ,  0.0863582607867 ,  0.0232307985624 ,  0.221721386298 ,  -0.0951158098307 ,  -0.0384964415458 ,  0.124594970534 ,  0.124594970534 ,  0.0147933116911 ,  0.0929788807686 ,  -0.133265438016 ,  -0.0687141817558 ,  0.242717465136 ,  0.00686847412743 ,  -0.27982327955 ,  0.108703811463 ,  0.0923957051435 ,  -0.0914262601338 ,  -0.164156755092 ,  0.265212739243 ,  0.265212739243 ,  0.175494133888 ,  0.23068882386 ,  0.23068882386 ,  0.295904830728 ,  -0.0329948905404 ,  0.115585918374 ,  0.115585918374 ,  0.267120136448 ,  -0.0896172096523 ,  0.124258181119 ,  -0.150422401113 ,  0.307415124644 ,  0.120466672591 ,  0.120466672591 ,  0.223746685464 ,  -0.00253470670555 ,  -0.110976374008 ,  0.245764474958 ,  0.245764474958 ,  0.045014993148 ,  0.0464196890005 ,  0.219569253847 ,  -0.0167252067485 ,  -0.260148405902 ,  0.0964852161558 ,  0.220958879458
ACCUSE ,  0.0343506952191 ,  1.0 ,  0.0577949714061 ,  0.294673979145 ,  0.163448976902 ,  0.343409257928 ,  0.173702563796 ,  0.000588116518123 ,  0.0636911310973 ,  0.183829097256 ,  0.378311947736 ,  0.378311947736 ,  0.0275968276167 ,  0.0356071334984 ,  0.0519547810211 ,  0.109896149915 ,  -0.035757235904 ,  0.190235865626 ,  -0.0143062397842 ,  0.0509377972612 ,  0.0941248148217 ,  0.0964116391249 ,  0.0558137963742 ,  0.085409211255 ,  0.085409211255 ,  0.144706277094 ,  -0.00737804503638 ,  -0.00737804503638 ,  0.0258727016803 ,  0.13286656852 ,  0.207842366762 ,  0.207842366762 ,  0.0107969109775 ,  0.123963794569 ,  0.0208444024431 ,  0.0933857102217 ,  0.113776126113 ,  0.170422634949 ,  0.170422634949 ,  0.00172856730308 ,  0.187286511515 ,  0.0908413361047 ,  0.10001106519 ,  0.10001106519 ,  0.062376485104 ,  0.0102350807814 ,  0.0961821036467 ,  0.231369873079 ,  0.0762558822687 ,  0.0412285537127 ,  -0.00756352055701
ADMIRATION ,  0.2191748534 ,  0.0577949714061 ,  1.0 ,  0.172987581039 ,  0.0242905866484 ,  0.155608618618 ,  0.057109455292 ,  0.490859487039 ,  0.105123371422 ,  -0.0799825903114 ,  0.216938454054 ,  0.216938454054 ,  0.108525434341 ,  0.392766553665 ,  0.130863835668 ,  0.0768847842713 ,  0.305930373042 ,  0.0210692257639 ,  -0.0393403828071 ,  0.316369977917 ,  0.176942389987 ,  0.0764781972677 ,  0.0846100801375 ,  0.584411513661 ,  0.584411513661 ,  0.460627124431 ,  0.380649353951 ,  0.380649353951 ,  0.295278809806 ,  0.0673937792521 ,  0.153759488982 ,  0.153759488982 ,  0.33914550602 ,  -0.0543065724786 ,  0.102344244216 ,  0.0523961572524 ,  0.305718464042 ,  0.339064031224 ,  0.339064031224 ,  0.584015822239 ,  0.00229858327305 ,  0.111488109093 ,  0.525604596824 ,  0.525604596824 ,  -0.0210513581176 ,  0.0100418187904 ,  0.22929816347 ,  0.0113229126925 ,  -0.0761186104028 ,  0.111102172228 ,  0.404208380503
ADMIRE ,  0.0560574279105 ,  0.294673979145 ,  0.172987581039 ,  1.0 ,  0.248512633562 ,  0.565043432999 ,  0.369711016114 ,  0.0795501860144 ,  0.119056694505 ,  0.122763788495 ,  0.262132693045 ,  0.262132693045 ,  0.143703067436 ,  0.0834899357693 ,  -0.0164040902891 ,  0.0657467015958 ,  0.0612327281602 ,  0.353698535364 ,  -0.0585261941234 ,  0.020261532633 ,  0.122658125207 ,  0.00600962062285 ,  -0.0154796724169 ,  0.151357196715 ,  0.151357196715 ,  0.155961839733 ,  0.120497916858 ,  0.120497916858 ,  0.0538296685425 ,  0.154064775246 ,  0.192295742832 ,  0.192295742832 ,  0.0521891496001 ,  0.0941236324749 ,  0.0638498245613 ,  0.107632275555 ,  0.141664787604 ,  0.328510181619 ,  0.328510181619 ,  0.180557625628 ,  0.284562298947 ,  -0.0157869568701 ,  0.181656200049 ,  0.181656200049 ,  0.0630160665109 ,  0.00719135008366 ,  0.0853649317414 ,  0.197428217182 ,  0.00977866637937 ,  0.108510224059 ,  0.0320172016972
ADMIRING ,  -0.0995171243109 ,  0.163448976902 ,  0.0242905866484 ,  0.248512633562 ,  1.0 ,  0.145844972998 ,  0.151707135449 ,  -0.0416687125409 ,  0.364759664063 ,  0.275791398833 ,  0.0055446236338 ,  0.0055446236338 ,  0.156569172351 ,  -0.0692025692874 ,  0.367340178951 ,  0.127860047946 ,  -0.0703667451093 ,  0.286408011016 ,  0.338102391607 ,  -0.0170256399896 ,  0.0876448671058 ,  0.329733321755 ,  0.361981398661 ,  0.0357356269723 ,  0.0357356269723 ,  0.0799349806768 ,  -0.10543271545 ,  -0.10543271545 ,  0.0466619170026 ,  0.286803289257 ,  0.0435433655266 ,  0.0435433655266 ,  0.0133245278287 ,  0.196131734052 ,  -0.0581138607902 ,  0.202096390258 ,  0.00329149944535 ,  0.00268624869947 ,  0.00268624869947 ,  0.00692217178414 ,  0.177332433928 ,  0.377583839532 ,  0.103179967851 ,  0.103179967851 ,  0.00287166214048 ,  -0.0422628016436 ,  -0.133796352343 ,  0.378102944432 ,  0.356414081009 ,  -0.101133631012 ,  -0.0496713710664
APPLAUD ,  0.0863582607867 ,  0.343409257928 ,  0.155608618618 ,  0.565043432999 ,  0.145844972998 ,  1.0 ,  0.320773582442 ,  0.100629631519 ,  0.170926575868 ,  0.226698624564 ,  0.356763273854 ,  0.356763273854 ,  0.158643294385 ,  0.129954244362 ,  0.0250970775449 ,  0.0789700331826 ,  0.0520675689837 ,  0.369231152706 ,  -0.0168990943654 ,  0.0608912081421 ,  0.220419985974 ,  0.0989225341126 ,  -0.0105190941968 ,  0.177021689633 ,  0.177021689633 ,  0.145443742168 ,  0.0735255673832 ,  0.0735255673832 ,  0.0443792513572 ,  0.131684131123 ,  0.285294310066 ,  0.285294310066 ,  0.0519761931075 ,  0.168934526267 ,  0.0529648618655 ,  0.143586790073 ,  0.196619487823 ,  0.263514092227 ,  0.263514092227 ,  0.119544665899 ,  0.243259206776 ,  0.0276469152072 ,  0.225905360817 ,  0.225905360817 ,  0.10655029832 ,  -0.0186398063181 ,  0.0538656561693 ,  0.231571940361 ,  0.00268626493525 ,  0.0757707519109 ,  0.0388688576517
APPRECIATE ,  0.0232307985624 ,  0.173702563796 ,  0.057109455292 ,  0.369711016114 ,  0.151707135449 ,  0.320773582442 ,  1.0 ,  0.116688434583 ,  0.176171954849 ,  0.22119796744 ,  0.196353824913 ,  0.196353824913 ,  0.0370446359358 ,  0.0640597838086 ,  -0.0442774746505 ,  0.118046047607 ,  -0.00421627447434 ,  0.231688847094 ,  -0.0291130555138 ,  -0.0164397183058 ,  0.0813384572306 ,  -0.0102409157356 ,  0.00737890320909 ,  0.0226914000217 ,  0.0226914000217 ,  0.0337523157656 ,  0.0235677067175 ,  0.0235677067175 ,  -0.0205544059138 ,  0.0198590332479 ,  0.0944877758329 ,  0.0944877758329 ,  -0.0178905070646 ,  0.0727592145187 ,  0.0845208286189 ,  0.0664684238552 ,  -0.0137946544219 ,  0.225332259142 ,  0.225332259142 ,  8.35305183904e-07 ,  0.120828978186 ,  -0.00173706648309 ,  0.00157643518651 ,  0.00157643518651 ,  0.19675825155 ,  0.070897069835 ,  0.0543060741187 ,  0.100718496348 ,  0.0382215967709 ,  0.118247154638 ,  0.00950087318897
APPRECIATION ,  0.221721386298 ,  0.000588116518123 ,  0.490859487039 ,  0.0795501860144 ,  -0.0416687125409 ,  0.100629631519 ,  0.116688434583 ,  1.0 ,  0.0937433200192 ,  -0.0335254470545 ,  0.19120428439 ,  0.19120428439 ,  0.0785166252915 ,  0.250441436747 ,  -0.0318944686101 ,  0.0344952092074 ,  0.220224437873 ,  0.00501833932528 ,  -0.115274830215 ,  0.315516158504 ,  0.174950037724 ,  0.023655909511 ,  0.0275901461972 ,  0.423808683937 ,  0.423808683937 ,  0.328601408087 ,  0.28530101061 ,  0.28530101061 ,  0.241427648601 ,  -0.0168912681605 ,  0.160156751964 ,  0.160156751964 ,  0.273892599663 ,  -0.0849743746196 ,  0.157071341149 ,  -0.0915247863224 ,  0.217521380838 ,  0.273727198267 ,  0.273727198267 ,  0.379790599183 ,  -0.0399965274375 ,  0.033522586435 ,  0.303064768234 ,  0.303064768234 ,  0.0461197252435 ,  0.0632450988458 ,  0.191267890276 ,  -0.0637898781426 ,  -0.120765991673 ,  0.206447714212 ,  0.273862836001
APPRECIATIVE ,  -0.0951158098307 ,  0.0636911310973 ,  0.105123371422 ,  0.119056694505 ,  0.364759664063 ,  0.170926575868 ,  0.176171954849 ,  0.0937433200192 ,  1.0 ,  0.108399221812 ,  -0.0550061240414 ,  -0.0550061240414 ,  0.176769606807 ,  0.0594849363491 ,  0.407554233867 ,  0.235443001328 ,  -0.0413000579076 ,  0.0268670096942 ,  0.354531268561 ,  0.119446381487 ,  0.222504598947 ,  0.448027449603 ,  0.381146859362 ,  0.0202521603427 ,  0.0202521603427 ,  0.0745883183259 ,  -0.0954545777797 ,  -0.0954545777797 ,  0.0420254668458 ,  0.00244162425196 ,  0.0490713023647 ,  0.0490713023647 ,  -0.00829161113541 ,  0.117401473617 ,  0.0184542332914 ,  0.24769091751 ,  -0.00142086007639 ,  -0.0111556695131 ,  -0.0111556695131 ,  0.00975320732756 ,  0.0374545424244 ,  0.410080208179 ,  0.0295733514636 ,  0.0295733514636 ,  -0.0506578442444 ,  -0.0972038415032 ,  -0.0821252485303 ,  0.0795725005892 ,  0.374014434453 ,  -0.0684056949186 ,  -0.0354354703692
APPROVING ,  -0.0384964415458 ,  0.183829097256 ,  -0.0799825903114 ,  0.122763788495 ,  0.275791398833 ,  0.226698624564 ,  0.22119796744 ,  -0.0335254470545 ,  0.108399221812 ,  1.0 ,  0.112101191038 ,  0.112101191038 ,  0.0129605527946 ,  0.0486677495784 ,  0.0960379107882 ,  0.168452169521 ,  -0.083869628088 ,  0.258724263855 ,  0.0321610792422 ,  0.0498125946029 ,  0.148350674567 ,  0.156600266375 ,  0.121284229529 ,  0.0187266830069 ,  0.0187266830069 ,  0.0410721073934 ,  -0.0366912598239 ,  -0.0366912598239 ,  -0.00859690784935 ,  0.131014715285 ,  0.0857507804761 ,  0.0857507804761 ,  -0.000153212355878 ,  0.100643428482 ,  0.0599416557932 ,  0.074985988935 ,  -0.0448067404326 ,  0.0796751746837 ,  0.0796751746837 ,  -0.105665987688 ,  0.0426917809323 ,  0.122742198006 ,  0.00379504905678 ,  0.00379504905678 ,  0.166600072705 ,  0.00770458972161 ,  -0.0585891395907 ,  0.260678317429 ,  0.120254686736 ,  0.0866535886227 ,  -0.0126041344113
BLAME ,  0.124594970534 ,  0.378311947736 ,  0.216938454054 ,  0.262132693045 ,  0.0055446236338 ,  0.356763273854 ,  0.196353824913 ,  0.19120428439 ,  -0.0550061240414 ,  0.112101191038 ,  1.0 ,  1.0 ,  0.0779393448996 ,  0.138924717662 ,  -0.0893145543492 ,  0.0413529115081 ,  0.0913007546317 ,  0.20943584581 ,  -0.154175384101 ,  0.161754240986 ,  0.0871924212683 ,  -0.0541629564763 ,  -0.113859185816 ,  0.275973960718 ,  0.275973960718 ,  0.225514920648 ,  0.182103296055 ,  0.182103296055 ,  0.081726699142 ,  0.0570405931039 ,  0.381067109996 ,  0.381067109996 ,  0.0659512781524 ,  0.065884117092 ,  0.113853099125 ,  -0.0218317290722 ,  0.21921427125 ,  0.330435042259 ,  0.330435042259 ,  0.145446783738 ,  0.129218013349 ,  -0.0952388831125 ,  0.263912784264 ,  0.263912784264 ,  0.149307903871 ,  0.0965190589035 ,  0.173646876904 ,  0.165025580454 ,  -0.124032012373 ,  0.207134085268 ,  0.124560977372
BLAME ,  0.124594970534 ,  0.378311947736 ,  0.216938454054 ,  0.262132693045 ,  0.0055446236338 ,  0.356763273854 ,  0.196353824913 ,  0.19120428439 ,  -0.0550061240414 ,  0.112101191038 ,  1.0 ,  1.0 ,  0.0779393448996 ,  0.138924717662 ,  -0.0893145543492 ,  0.0413529115081 ,  0.0913007546317 ,  0.20943584581 ,  -0.154175384101 ,  0.161754240986 ,  0.0871924212683 ,  -0.0541629564763 ,  -0.113859185816 ,  0.275973960718 ,  0.275973960718 ,  0.225514920648 ,  0.182103296055 ,  0.182103296055 ,  0.081726699142 ,  0.0570405931039 ,  0.381067109996 ,  0.381067109996 ,  0.0659512781524 ,  0.065884117092 ,  0.113853099125 ,  -0.0218317290722 ,  0.21921427125 ,  0.330435042259 ,  0.330435042259 ,  0.145446783738 ,  0.129218013349 ,  -0.0952388831125 ,  0.263912784264 ,  0.263912784264 ,  0.149307903871 ,  0.0965190589035 ,  0.173646876904 ,  0.165025580454 ,  -0.124032012373 ,  0.207134085268 ,  0.124560977372
BOO ,  0.0147933116911 ,  0.0275968276167 ,  0.108525434341 ,  0.143703067436 ,  0.156569172351 ,  0.158643294385 ,  0.0370446359358 ,  0.0785166252915 ,  0.176769606807 ,  0.0129605527946 ,  0.0779393448996 ,  0.0779393448996 ,  1.0 ,  0.0600425811606 ,  0.0604492778317 ,  -0.0139207989469 ,  0.10406114275 ,  0.074178428838 ,  0.0588292555226 ,  0.042373478948 ,  0.094966156621 ,  0.108075688013 ,  0.0128861962982 ,  0.106494103815 ,  0.106494103815 ,  0.106925651699 ,  0.0979507844258 ,  0.0979507844258 ,  0.0226968964189 ,  0.130693433809 ,  0.16517574847 ,  0.16517574847 ,  0.0197716745818 ,  0.114428084913 ,  -0.0174012466408 ,  0.0711107332813 ,  0.116756247164 ,  0.0872768317796 ,  0.0872768317796 ,  0.114554164329 ,  0.148558008142 ,  0.0458687075943 ,  0.113706608177 ,  0.113706608177 ,  0.035171753036 ,  -0.00625681367814 ,  0.0575451637561 ,  0.14272854111 ,  0.00653152648556 ,  -0.0175995543892 ,  0.0165047288123
CONTEMPT ,  0.0929788807686 ,  0.0356071334984 ,  0.392766553665 ,  0.0834899357693 ,  -0.0692025692874 ,  0.129954244362 ,  0.0640597838086 ,  0.250441436747 ,  0.0594849363491 ,  0.0486677495784 ,  0.138924717662 ,  0.138924717662 ,  0.0600425811606 ,  1.0 ,  0.124338562356 ,  0.0801204659779 ,  0.160335865783 ,  0.0384465339606 ,  -0.00966123565027 ,  0.244812376813 ,  0.178318639786 ,  0.0261064923996 ,  0.112034117451 ,  0.376115048129 ,  0.376115048129 ,  0.242215644815 ,  0.251274273129 ,  0.251274273129 ,  0.124549593231 ,  0.0269334720839 ,  0.139049640598 ,  0.139049640598 ,  0.29042589204 ,  0.0226381154547 ,  0.104369959018 ,  0.104784939198 ,  0.0982653367657 ,  0.247469977809 ,  0.247469977809 ,  0.325897171054 ,  -0.00860410164354 ,  0.0841431949156 ,  0.309029096277 ,  0.309029096277 ,  0.0957509153366 ,  0.0750227741139 ,  0.154781805944 ,  -0.0719616214545 ,  -0.00874505321384 ,  0.171814465697 ,  0.239522183643
CONTEMPTUOUS ,  -0.133265438016 ,  0.0519547810211 ,  0.130863835668 ,  -0.0164040902891 ,  0.367340178951 ,  0.0250970775449 ,  -0.0442774746505 ,  -0.0318944686101 ,  0.407554233867 ,  0.0960379107882 ,  -0.0893145543492 ,  -0.0893145543492 ,  0.0604492778317 ,  0.124338562356 ,  1.0 ,  0.262081923794 ,  0.0578794650663 ,  0.0561338485764 ,  0.534780010179 ,  0.113682239945 ,  0.327323526341 ,  0.580474753327 ,  0.69985094038 ,  0.0652656760783 ,  0.0652656760783 ,  0.0899161769015 ,  -0.10452888027 ,  -0.10452888027 ,  0.185882461329 ,  0.0833531441497 ,  7.62641871801e-05 ,  7.62641871801e-05 ,  0.198854736186 ,  0.119621555895 ,  -0.073062022772 ,  0.334100857936 ,  -0.0308806157488 ,  -0.100175565315 ,  -0.100175565315 ,  0.0627879962588 ,  -0.0573744768064 ,  0.691434807168 ,  0.112547162536 ,  0.112547162536 ,  -0.0753392900288 ,  -0.123890964199 ,  -0.0208881950481 ,  0.0882593857991 ,  0.544265888317 ,  -0.113635456491 ,  0.106529068737
CRITICAL ,  -0.0687141817558 ,  0.109896149915 ,  0.0768847842713 ,  0.0657467015958 ,  0.127860047946 ,  0.0789700331826 ,  0.118046047607 ,  0.0344952092074 ,  0.235443001328 ,  0.168452169521 ,  0.0413529115081 ,  0.0413529115081 ,  -0.0139207989469 ,  0.0801204659779 ,  0.262081923794 ,  1.0 ,  -0.0248826388679 ,  0.00373439503919 ,  0.192772748696 ,  0.0538352606376 ,  0.189677744223 ,  0.220353563931 ,  0.293998751311 ,  0.0091357678022 ,  0.0091357678022 ,  0.0671543893668 ,  -0.0347762067392 ,  -0.0347762067392 ,  0.0353159292757 ,  -0.0205489445792 ,  0.0782688065422 ,  0.0782688065422 ,  0.0213324470744 ,  0.114716533616 ,  0.0927399243716 ,  0.2411007162 ,  -0.0804252626396 ,  0.0492853769079 ,  0.0492853769079 ,  -0.00716827351083 ,  -0.0358877058747 ,  0.244173335002 ,  -0.0194229499039 ,  -0.0194229499039 ,  0.0994659162645 ,  -0.0133415507907 ,  -0.0398083573936 ,  -0.0117636866753 ,  0.24688229563 ,  0.0643575327691 ,  0.0167672002825
DAMNATION ,  0.242717465136 ,  -0.035757235904 ,  0.305930373042 ,  0.0612327281602 ,  -0.0703667451093 ,  0.0520675689837 ,  -0.00421627447434 ,  0.220224437873 ,  -0.0413000579076 ,  -0.083869628088 ,  0.0913007546317 ,  0.0913007546317 ,  0.10406114275 ,  0.160335865783 ,  0.0578794650663 ,  -0.0248826388679 ,  1.0 ,  -0.0055498896495 ,  -0.135955263607 ,  0.225579165599 ,  0.165385269152 ,  0.0364384829377 ,  0.0819628960796 ,  0.252342493561 ,  0.252342493561 ,  0.262936188108 ,  0.284178962133 ,  0.284178962133 ,  0.447902771981 ,  0.0357858797528 ,  0.116806461349 ,  0.116806461349 ,  0.354462304527 ,  -0.0509135564423 ,  0.0481478924357 ,  -0.0449318544108 ,  0.250094053383 ,  0.121152770687 ,  0.121152770687 ,  0.314717374623 ,  0.0305749958463 ,  0.061391737643 ,  0.319707700426 ,  0.319707700426 ,  0.0168710337519 ,  0.0234353539176 ,  0.195354859849 ,  -0.0944708875641 ,  -0.14407995867 ,  0.111529394424 ,  0.467003433
DEPLORE ,  0.00686847412743 ,  0.190235865626 ,  0.0210692257639 ,  0.353698535364 ,  0.286408011016 ,  0.369231152706 ,  0.231688847094 ,  0.00501833932528 ,  0.0268670096942 ,  0.258724263855 ,  0.20943584581 ,  0.20943584581 ,  0.074178428838 ,  0.0384465339606 ,  0.0561338485764 ,  0.00373439503919 ,  -0.0055498896495 ,  1.0 ,  0.0985968521984 ,  0.0118238310039 ,  0.105270639959 ,  0.0901757128596 ,  0.0270584029331 ,  0.156746669553 ,  0.156746669553 ,  0.138124211667 ,  0.108611867939 ,  0.108611867939 ,  0.0183210026037 ,  0.291053726208 ,  0.155656883869 ,  0.155656883869 ,  0.150857675 ,  0.18865338071 ,  0.00381425932755 ,  0.229829112939 ,  0.0972303486268 ,  0.193737250489 ,  0.193737250489 ,  0.132089314835 ,  0.288081566962 ,  0.0921657141117 ,  0.267267343411 ,  0.267267343411 ,  0.0281506261542 ,  -0.0506792278858 ,  0.156881073108 ,  0.428884881586 ,  0.0401904554665 ,  0.0730565521526 ,  0.0957624469214
DERISIVE ,  -0.27982327955 ,  -0.0143062397842 ,  -0.0393403828071 ,  -0.0585261941234 ,  0.338102391607 ,  -0.0168990943654 ,  -0.0291130555138 ,  -0.115274830215 ,  0.354531268561 ,  0.0321610792422 ,  -0.154175384101 ,  -0.154175384101 ,  0.0588292555226 ,  -0.00966123565027 ,  0.534780010179 ,  0.192772748696 ,  -0.135955263607 ,  0.0985968521984 ,  1.0 ,  -0.0182947326128 ,  0.145209408062 ,  0.438572823081 ,  0.545405758024 ,  -0.0282679378141 ,  -0.0282679378141 ,  -0.0515878364195 ,  -0.251584911293 ,  -0.251584911293 ,  -0.0193471732621 ,  0.111213231692 ,  -0.0611481571007 ,  -0.0611481571007 ,  -0.0443596789424 ,  0.146109630569 ,  -0.0813488048801 ,  0.308855511246 ,  -0.157028256047 ,  -0.154775449777 ,  -0.154775449777 ,  -0.0365490717126 ,  -0.024886639446 ,  0.528546196927 ,  -0.028260263658 ,  -0.028260263658 ,  -0.0640532382032 ,  -0.181966152528 ,  -0.127853286659 ,  0.106304345668 ,  0.565414770995 ,  -0.153305969678 ,  -0.0469921549562
DISAPPROVAL ,  0.108703811463 ,  0.0509377972612 ,  0.316369977917 ,  0.020261532633 ,  -0.0170256399896 ,  0.0608912081421 ,  -0.0164397183058 ,  0.315516158504 ,  0.119446381487 ,  0.0498125946029 ,  0.161754240986 ,  0.161754240986 ,  0.042373478948 ,  0.244812376813 ,  0.113682239945 ,  0.0538352606376 ,  0.225579165599 ,  0.0118238310039 ,  -0.0182947326128 ,  1.0 ,  0.300454122289 ,  0.195223760877 ,  0.130622579127 ,  0.298654999855 ,  0.298654999855 ,  0.21918078385 ,  0.250377016566 ,  0.250377016566 ,  0.223857945863 ,  -0.0609351262729 ,  0.099377047184 ,  0.099377047184 ,  0.287667714052 ,  -0.0653628954741 ,  0.0573497194617 ,  0.0164574428516 ,  0.188822979736 ,  0.11562067741 ,  0.11562067741 ,  0.195206588484 ,  -0.0617674471861 ,  0.138189881063 ,  0.332320278205 ,  0.332320278205 ,  -0.0372618737717 ,  -0.070829292053 ,  0.188015120455 ,  -0.0616860652942 ,  -0.0423055485052 ,  0.130603590644 ,  0.297605276094
DISAPPROVE ,  0.0923957051435 ,  0.0941248148217 ,  0.176942389987 ,  0.122658125207 ,  0.0876448671058 ,  0.220419985974 ,  0.0813384572306 ,  0.174950037724 ,  0.222504598947 ,  0.148350674567 ,  0.0871924212683 ,  0.0871924212683 ,  0.094966156621 ,  0.178318639786 ,  0.327323526341 ,  0.189677744223 ,  0.165385269152 ,  0.105270639959 ,  0.145209408062 ,  0.300454122289 ,  1.0 ,  0.475413305118 ,  0.340459068424 ,  0.166077138341 ,  0.166077138341 ,  0.139875861766 ,  0.0783891889181 ,  0.0783891889181 ,  0.244670055517 ,  0.0480230088456 ,  0.0815247560918 ,  0.0815247560918 ,  0.241149017871 ,  0.0077202065627 ,  0.026861790648 ,  0.158801170448 ,  0.176435154679 ,  0.0596886175149 ,  0.0596886175149 ,  0.122651147557 ,  0.030721171024 ,  0.384191087415 ,  0.171038411227 ,  0.171038411227 ,  -0.049118623121 ,  -0.0480066630448 ,  0.0934219931949 ,  -0.0383639671637 ,  0.142233402151 ,  0.0790478198427 ,  0.203030253691
DISAPPROVING ,  -0.0914262601338 ,  0.0964116391249 ,  0.0764781972677 ,  0.00600962062285 ,  0.329733321755 ,  0.0989225341126 ,  -0.0102409157356 ,  0.023655909511 ,  0.448027449603 ,  0.156600266375 ,  -0.0541629564763 ,  -0.0541629564763 ,  0.108075688013 ,  0.0261064923996 ,  0.580474753327 ,  0.220353563931 ,  0.0364384829377 ,  0.0901757128596 ,  0.438572823081 ,  0.195223760877 ,  0.475413305118 ,  1.0 ,  0.587403428229 ,  0.0157270940781 ,  0.0157270940781 ,  0.0825623397641 ,  -0.105020454552 ,  -0.105020454552 ,  0.186970777089 ,  0.0658828342869 ,  0.0128655528512 ,  0.0128655528512 ,  0.113235710808 ,  0.0736533407291 ,  -0.0194591865482 ,  0.245057281187 ,  0.0548680049541 ,  -0.0736424545806 ,  -0.0736424545806 ,  0.0450288590207 ,  0.00270891565179 ,  0.63294515059 ,  0.0658643854666 ,  0.0658643854666 ,  -0.103236522838 ,  -0.135188458101 ,  -0.0153459250445 ,  0.101706980898 ,  0.380464515276 ,  -0.0924908014297 ,  0.0865097395907
DISDAINFUL ,  -0.164156755092 ,  0.0558137963742 ,  0.0846100801375 ,  -0.0154796724169 ,  0.361981398661 ,  -0.0105190941968 ,  0.00737890320909 ,  0.0275901461972 ,  0.381146859362 ,  0.121284229529 ,  -0.113859185816 ,  -0.113859185816 ,  0.0128861962982 ,  0.112034117451 ,  0.69985094038 ,  0.293998751311 ,  0.0819628960796 ,  0.0270584029331 ,  0.545405758024 ,  0.130622579127 ,  0.340459068424 ,  0.587403428229 ,  1.0 ,  0.0540884589615 ,  0.0540884589615 ,  0.0878665643372 ,  -0.114080626318 ,  -0.114080626318 ,  0.228616060051 ,  0.067878998417 ,  -0.0286363429827 ,  -0.0286363429827 ,  0.165072603521 ,  0.0554418701751 ,  -0.045873457338 ,  0.251261580877 ,  -0.0695419131316 ,  -0.0692661733122 ,  -0.0692661733122 ,  0.0766641474482 ,  -0.0847291233373 ,  0.721301233604 ,  0.0726020846199 ,  0.0726020846199 ,  -0.0424472025374 ,  -0.0946990488954 ,  -0.0352596167521 ,  -0.00984121771524 ,  0.524495906534 ,  -0.0860545188322 ,  0.154410015123
DISDAIN ,  0.265212739243 ,  0.085409211255 ,  0.584411513661 ,  0.151357196715 ,  0.0357356269723 ,  0.177021689633 ,  0.0226914000217 ,  0.423808683937 ,  0.0202521603427 ,  0.0187266830069 ,  0.275973960718 ,  0.275973960718 ,  0.106494103815 ,  0.376115048129 ,  0.0652656760783 ,  0.0091357678022 ,  0.252342493561 ,  0.156746669553 ,  -0.0282679378141 ,  0.298654999855 ,  0.166077138341 ,  0.0157270940781 ,  0.0540884589615 ,  1.0 ,  1.0 ,  0.583605986375 ,  0.35379745321 ,  0.35379745321 ,  0.322197447388 ,  0.165315254231 ,  0.18342165707 ,  0.18342165707 ,  0.351448664824 ,  -0.00857578186775 ,  0.145578252955 ,  -0.00945686748494 ,  0.387063276697 ,  0.313645146886 ,  0.313645146886 ,  0.606781059828 ,  0.0909088895153 ,  0.0690087756262 ,  0.62602477779 ,  0.62602477779 ,  0.0298561100037 ,  0.0100276934618 ,  0.243950071889 ,  0.168257085248 ,  -0.0735266019584 ,  0.159496107842 ,  0.35098503242
DISDAIN ,  0.265212739243 ,  0.085409211255 ,  0.584411513661 ,  0.151357196715 ,  0.0357356269723 ,  0.177021689633 ,  0.0226914000217 ,  0.423808683937 ,  0.0202521603427 ,  0.0187266830069 ,  0.275973960718 ,  0.275973960718 ,  0.106494103815 ,  0.376115048129 ,  0.0652656760783 ,  0.0091357678022 ,  0.252342493561 ,  0.156746669553 ,  -0.0282679378141 ,  0.298654999855 ,  0.166077138341 ,  0.0157270940781 ,  0.0540884589615 ,  1.0 ,  1.0 ,  0.583605986375 ,  0.35379745321 ,  0.35379745321 ,  0.322197447388 ,  0.165315254231 ,  0.18342165707 ,  0.18342165707 ,  0.351448664824 ,  -0.00857578186775 ,  0.145578252955 ,  -0.00945686748494 ,  0.387063276697 ,  0.313645146886 ,  0.313645146886 ,  0.606781059828 ,  0.0909088895153 ,  0.0690087756262 ,  0.62602477779 ,  0.62602477779 ,  0.0298561100037 ,  0.0100276934618 ,  0.243950071889 ,  0.168257085248 ,  -0.0735266019584 ,  0.159496107842 ,  0.35098503242
DISRESPECT ,  0.175494133888 ,  0.144706277094 ,  0.460627124431 ,  0.155961839733 ,  0.0799349806768 ,  0.145443742168 ,  0.0337523157656 ,  0.328601408087 ,  0.0745883183259 ,  0.0410721073934 ,  0.225514920648 ,  0.225514920648 ,  0.106925651699 ,  0.242215644815 ,  0.0899161769015 ,  0.0671543893668 ,  0.262936188108 ,  0.138124211667 ,  -0.0515878364195 ,  0.21918078385 ,  0.139875861766 ,  0.0825623397641 ,  0.0878665643372 ,  0.583605986375 ,  0.583605986375 ,  1.0 ,  0.284896245399 ,  0.284896245399 ,  0.233833293005 ,  0.159395493253 ,  0.178267723393 ,  0.178267723393 ,  0.341077744169 ,  0.0377912493782 ,  0.138299979489 ,  0.0515613114514 ,  0.417480564622 ,  0.354703628211 ,  0.354703628211 ,  0.493483598446 ,  0.120177270645 ,  0.118007090993 ,  0.490227796889 ,  0.490227796889 ,  0.0224577161297 ,  0.00224629572106 ,  0.247861426566 ,  0.230182089731 ,  -0.0865536635444 ,  0.192456696193 ,  0.305753323025
ESTEEM ,  0.23068882386 ,  -0.00737804503638 ,  0.380649353951 ,  0.120497916858 ,  -0.10543271545 ,  0.0735255673832 ,  0.0235677067175 ,  0.28530101061 ,  -0.0954545777797 ,  -0.0366912598239 ,  0.182103296055 ,  0.182103296055 ,  0.0979507844258 ,  0.251274273129 ,  -0.10452888027 ,  -0.0347762067392 ,  0.284178962133 ,  0.108611867939 ,  -0.251584911293 ,  0.250377016566 ,  0.0783891889181 ,  -0.105020454552 ,  -0.114080626318 ,  0.35379745321 ,  0.35379745321 ,  0.284896245399 ,  1.0 ,  1.0 ,  0.204292521745 ,  0.120637139334 ,  0.140061589349 ,  0.140061589349 ,  0.251936844188 ,  -0.0372493080594 ,  0.150505578683 ,  -0.0337080680357 ,  0.234616058493 ,  0.228829503946 ,  0.228829503946 ,  0.413345613799 ,  -0.000378104374745 ,  -0.0788841287467 ,  0.380072042639 ,  0.380072042639 ,  0.0398494478206 ,  0.144074853578 ,  0.389092716384 ,  0.0638187902272 ,  -0.248736744238 ,  0.238105879395 ,  0.312221601069
ESTEEM ,  0.23068882386 ,  -0.00737804503638 ,  0.380649353951 ,  0.120497916858 ,  -0.10543271545 ,  0.0735255673832 ,  0.0235677067175 ,  0.28530101061 ,  -0.0954545777797 ,  -0.0366912598239 ,  0.182103296055 ,  0.182103296055 ,  0.0979507844258 ,  0.251274273129 ,  -0.10452888027 ,  -0.0347762067392 ,  0.284178962133 ,  0.108611867939 ,  -0.251584911293 ,  0.250377016566 ,  0.0783891889181 ,  -0.105020454552 ,  -0.114080626318 ,  0.35379745321 ,  0.35379745321 ,  0.284896245399 ,  1.0 ,  1.0 ,  0.204292521745 ,  0.120637139334 ,  0.140061589349 ,  0.140061589349 ,  0.251936844188 ,  -0.0372493080594 ,  0.150505578683 ,  -0.0337080680357 ,  0.234616058493 ,  0.228829503946 ,  0.228829503946 ,  0.413345613799 ,  -0.000378104374745 ,  -0.0788841287467 ,  0.380072042639 ,  0.380072042639 ,  0.0398494478206 ,  0.144074853578 ,  0.389092716384 ,  0.0638187902272 ,  -0.248736744238 ,  0.238105879395 ,  0.312221601069
EXALTATION ,  0.295904830728 ,  0.0258727016803 ,  0.295278809806 ,  0.0538296685425 ,  0.0466619170026 ,  0.0443792513572 ,  -0.0205544059138 ,  0.241427648601 ,  0.0420254668458 ,  -0.00859690784935 ,  0.081726699142 ,  0.081726699142 ,  0.0226968964189 ,  0.124549593231 ,  0.185882461329 ,  0.0353159292757 ,  0.447902771981 ,  0.0183210026037 ,  -0.0193471732621 ,  0.223857945863 ,  0.244670055517 ,  0.186970777089 ,  0.228616060051 ,  0.322197447388 ,  0.322197447388 ,  0.233833293005 ,  0.204292521745 ,  0.204292521745 ,  1.0 ,  0.0535697428249 ,  0.052224065484 ,  0.052224065484 ,  0.360534322612 ,  -0.0387452237359 ,  0.0497435198754 ,  -0.0442535394512 ,  0.220839630792 ,  0.0465305806069 ,  0.0465305806069 ,  0.2901302207 ,  -0.027991627582 ,  0.222894857598 ,  0.32577649688 ,  0.32577649688 ,  0.0329927903783 ,  -0.00217663091466 ,  0.145928394091 ,  -0.0519436216979 ,  -0.0578540354009 ,  0.014584583813 ,  0.477509440555
EXALT ,  -0.0329948905404 ,  0.13286656852 ,  0.0673937792521 ,  0.154064775246 ,  0.286803289257 ,  0.131684131123 ,  0.0198590332479 ,  -0.0168912681605 ,  0.00244162425196 ,  0.131014715285 ,  0.0570405931039 ,  0.0570405931039 ,  0.130693433809 ,  0.0269334720839 ,  0.0833531441497 ,  -0.0205489445792 ,  0.0357858797528 ,  0.291053726208 ,  0.111213231692 ,  -0.0609351262729 ,  0.0480230088456 ,  0.0658828342869 ,  0.067878998417 ,  0.165315254231 ,  0.165315254231 ,  0.159395493253 ,  0.120637139334 ,  0.120637139334 ,  0.0535697428249 ,  1.0 ,  0.0716098478214 ,  0.0716098478214 ,  0.0884970855628 ,  0.160018597559 ,  -0.037686150214 ,  0.116036007109 ,  0.163918996214 ,  0.0185416842799 ,  0.0185416842799 ,  0.137927230887 ,  0.199525172465 ,  0.0850020827432 ,  0.218496918895 ,  0.218496918895 ,  0.0459341605523 ,  -0.021410234193 ,  0.0127149331756 ,  0.411384965508 ,  0.0632557431122 ,  -0.00127909276547 ,  0.0941210249517
FAULT ,  0.115585918374 ,  0.207842366762 ,  0.153759488982 ,  0.192295742832 ,  0.0435433655266 ,  0.285294310066 ,  0.0944877758329 ,  0.160156751964 ,  0.0490713023647 ,  0.0857507804761 ,  0.381067109996 ,  0.381067109996 ,  0.16517574847 ,  0.139049640598 ,  7.62641871801e-05 ,  0.0782688065422 ,  0.116806461349 ,  0.155656883869 ,  -0.0611481571007 ,  0.099377047184 ,  0.0815247560918 ,  0.0128655528512 ,  -0.0286363429827 ,  0.18342165707 ,  0.18342165707 ,  0.178267723393 ,  0.140061589349 ,  0.140061589349 ,  0.052224065484 ,  0.0716098478214 ,  1.0 ,  1.0 ,  0.0650258120494 ,  0.0881323254014 ,  0.101034465365 ,  0.107388365291 ,  0.159536858152 ,  0.293700225862 ,  0.293700225862 ,  0.123830050911 ,  0.120724412707 ,  -0.0220675180263 ,  0.209938743028 ,  0.209938743028 ,  0.122825112665 ,  0.139193283739 ,  0.116328165945 ,  0.171641999362 ,  -0.0395304963363 ,  0.195670916954 ,  0.119143541225
FAULT ,  0.115585918374 ,  0.207842366762 ,  0.153759488982 ,  0.192295742832 ,  0.0435433655266 ,  0.285294310066 ,  0.0944877758329 ,  0.160156751964 ,  0.0490713023647 ,  0.0857507804761 ,  0.381067109996 ,  0.381067109996 ,  0.16517574847 ,  0.139049640598 ,  7.62641871801e-05 ,  0.0782688065422 ,  0.116806461349 ,  0.155656883869 ,  -0.0611481571007 ,  0.099377047184 ,  0.0815247560918 ,  0.0128655528512 ,  -0.0286363429827 ,  0.18342165707 ,  0.18342165707 ,  0.178267723393 ,  0.140061589349 ,  0.140061589349 ,  0.052224065484 ,  0.0716098478214 ,  1.0 ,  1.0 ,  0.0650258120494 ,  0.0881323254014 ,  0.101034465365 ,  0.107388365291 ,  0.159536858152 ,  0.293700225862 ,  0.293700225862 ,  0.123830050911 ,  0.120724412707 ,  -0.0220675180263 ,  0.209938743028 ,  0.209938743028 ,  0.122825112665 ,  0.139193283739 ,  0.116328165945 ,  0.171641999362 ,  -0.0395304963363 ,  0.195670916954 ,  0.119143541225
MOCKERY ,  0.267120136448 ,  0.0107969109775 ,  0.33914550602 ,  0.0521891496001 ,  0.0133245278287 ,  0.0519761931075 ,  -0.0178905070646 ,  0.273892599663 ,  -0.00829161113541 ,  -0.000153212355878 ,  0.0659512781524 ,  0.0659512781524 ,  0.0197716745818 ,  0.29042589204 ,  0.198854736186 ,  0.0213324470744 ,  0.354462304527 ,  0.150857675 ,  -0.0443596789424 ,  0.287667714052 ,  0.241149017871 ,  0.113235710808 ,  0.165072603521 ,  0.351448664824 ,  0.351448664824 ,  0.341077744169 ,  0.251936844188 ,  0.251936844188 ,  0.360534322612 ,  0.0884970855628 ,  0.0650258120494 ,  0.0650258120494 ,  1.0 ,  -0.00371205530871 ,  0.0517614248989 ,  0.0777938372199 ,  0.302387284182 ,  0.141122299117 ,  0.141122299117 ,  0.344035493705 ,  0.0193790956866 ,  0.189765764991 ,  0.390225079472 ,  0.390225079472 ,  0.0288394925737 ,  -0.0638038467795 ,  0.281496798576 ,  0.0263241060338 ,  -0.0682980714449 ,  0.059413865822 ,  0.434260907925
MOCK ,  -0.0896172096523 ,  0.123963794569 ,  -0.0543065724786 ,  0.0941236324749 ,  0.196131734052 ,  0.168934526267 ,  0.0727592145187 ,  -0.0849743746196 ,  0.117401473617 ,  0.100643428482 ,  0.065884117092 ,  0.065884117092 ,  0.114428084913 ,  0.0226381154547 ,  0.119621555895 ,  0.114716533616 ,  -0.0509135564423 ,  0.18865338071 ,  0.146109630569 ,  -0.0653628954741 ,  0.0077202065627 ,  0.0736533407291 ,  0.0554418701751 ,  -0.00857578186775 ,  -0.00857578186775 ,  0.0377912493782 ,  -0.0372493080594 ,  -0.0372493080594 ,  -0.0387452237359 ,  0.160018597559 ,  0.0881323254014 ,  0.0881323254014 ,  -0.00371205530871 ,  1.0 ,  0.0791366751543 ,  0.169395004853 ,  -0.0329360720599 ,  0.0303620546024 ,  0.0303620546024 ,  -0.0216135035225 ,  0.0836991349126 ,  0.108649860217 ,  0.033492267677 ,  0.033492267677 ,  0.0802419412978 ,  0.0182400113336 ,  -0.0621914155279 ,  0.223460317176 ,  0.173173833018 ,  -0.0445507759022 ,  -0.056997427552
PRIZE ,  0.124258181119 ,  0.0208444024431 ,  0.102344244216 ,  0.0638498245613 ,  -0.0581138607902 ,  0.0529648618655 ,  0.0845208286189 ,  0.157071341149 ,  0.0184542332914 ,  0.0599416557932 ,  0.113853099125 ,  0.113853099125 ,  -0.0174012466408 ,  0.104369959018 ,  -0.073062022772 ,  0.0927399243716 ,  0.0481478924357 ,  0.00381425932755 ,  -0.0813488048801 ,  0.0573497194617 ,  0.026861790648 ,  -0.0194591865482 ,  -0.045873457338 ,  0.145578252955 ,  0.145578252955 ,  0.138299979489 ,  0.150505578683 ,  0.150505578683 ,  0.0497435198754 ,  -0.037686150214 ,  0.101034465365 ,  0.101034465365 ,  0.0517614248989 ,  0.0791366751543 ,  1.0 ,  0.030291151981 ,  0.0955943836111 ,  0.147125352064 ,  0.147125352064 ,  0.0789805598653 ,  -0.0365591123653 ,  -0.0735185160435 ,  0.075403262661 ,  0.075403262661 ,  0.168747569671 ,  0.268593279778 ,  0.124944117763 ,  0.0313419106109 ,  -0.0139423958642 ,  0.239390861162 ,  0.0254787510561
REPREHENSIBLE ,  -0.150422401113 ,  0.0933857102217 ,  0.0523961572524 ,  0.107632275555 ,  0.202096390258 ,  0.143586790073 ,  0.0664684238552 ,  -0.0915247863224 ,  0.24769091751 ,  0.074985988935 ,  -0.0218317290722 ,  -0.0218317290722 ,  0.0711107332813 ,  0.104784939198 ,  0.334100857936 ,  0.2411007162 ,  -0.0449318544108 ,  0.229829112939 ,  0.308855511246 ,  0.0164574428516 ,  0.158801170448 ,  0.245057281187 ,  0.251261580877 ,  -0.00945686748494 ,  -0.00945686748494 ,  0.0515613114514 ,  -0.0337080680357 ,  -0.0337080680357 ,  -0.0442535394512 ,  0.116036007109 ,  0.107388365291 ,  0.107388365291 ,  0.0777938372199 ,  0.169395004853 ,  0.030291151981 ,  1.0 ,  0.0172074470122 ,  -0.010716761269 ,  -0.010716761269 ,  0.0194148396101 ,  0.0597228320091 ,  0.234450737711 ,  0.060740141393 ,  0.060740141393 ,  -0.0417808912727 ,  -0.0904436078618 ,  -0.00892471052679 ,  0.154071564267 ,  0.265123405968 ,  -0.0186924858151 ,  0.0386627581136
REPROACH ,  0.307415124644 ,  0.113776126113 ,  0.305718464042 ,  0.141664787604 ,  0.00329149944535 ,  0.196619487823 ,  -0.0137946544219 ,  0.217521380838 ,  -0.00142086007639 ,  -0.0448067404326 ,  0.21921427125 ,  0.21921427125 ,  0.116756247164 ,  0.0982653367657 ,  -0.0308806157488 ,  -0.0804252626396 ,  0.250094053383 ,  0.0972303486268 ,  -0.157028256047 ,  0.188822979736 ,  0.176435154679 ,  0.0548680049541 ,  -0.0695419131316 ,  0.387063276697 ,  0.387063276697 ,  0.417480564622 ,  0.234616058493 ,  0.234616058493 ,  0.220839630792 ,  0.163918996214 ,  0.159536858152 ,  0.159536858152 ,  0.302387284182 ,  -0.0329360720599 ,  0.0955943836111 ,  0.0172074470122 ,  1.0 ,  0.174271401698 ,  0.174271401698 ,  0.356212050539 ,  0.137341798611 ,  -0.0361730602295 ,  0.423397020503 ,  0.423397020503 ,  -0.00469880914712 ,  -0.023732685226 ,  0.256682592951 ,  0.201571289109 ,  -0.225516111473 ,  0.109334314181 ,  0.307688410791
RESPECT ,  0.120466672591 ,  0.170422634949 ,  0.339064031224 ,  0.328510181619 ,  0.00268624869947 ,  0.263514092227 ,  0.225332259142 ,  0.273727198267 ,  -0.0111556695131 ,  0.0796751746837 ,  0.330435042259 ,  0.330435042259 ,  0.0872768317796 ,  0.247469977809 ,  -0.100175565315 ,  0.0492853769079 ,  0.121152770687 ,  0.193737250489 ,  -0.154775449777 ,  0.11562067741 ,  0.0596886175149 ,  -0.0736424545806 ,  -0.0692661733122 ,  0.313645146886 ,  0.313645146886 ,  0.354703628211 ,  0.228829503946 ,  0.228829503946 ,  0.0465305806069 ,  0.0185416842799 ,  0.293700225862 ,  0.293700225862 ,  0.141122299117 ,  0.0303620546024 ,  0.147125352064 ,  -0.010716761269 ,  0.174271401698 ,  1.0 ,  1.0 ,  0.285288798711 ,  0.150294764688 ,  -0.0776481684559 ,  0.27526867701 ,  0.27526867701 ,  0.146861097757 ,  0.12685378304 ,  0.169743642986 ,  0.12632919721 ,  -0.114113682736 ,  0.312472614118 ,  0.132028268097
RESPECT ,  0.120466672591 ,  0.170422634949 ,  0.339064031224 ,  0.328510181619 ,  0.00268624869947 ,  0.263514092227 ,  0.225332259142 ,  0.273727198267 ,  -0.0111556695131 ,  0.0796751746837 ,  0.330435042259 ,  0.330435042259 ,  0.0872768317796 ,  0.247469977809 ,  -0.100175565315 ,  0.0492853769079 ,  0.121152770687 ,  0.193737250489 ,  -0.154775449777 ,  0.11562067741 ,  0.0596886175149 ,  -0.0736424545806 ,  -0.0692661733122 ,  0.313645146886 ,  0.313645146886 ,  0.354703628211 ,  0.228829503946 ,  0.228829503946 ,  0.0465305806069 ,  0.0185416842799 ,  0.293700225862 ,  0.293700225862 ,  0.141122299117 ,  0.0303620546024 ,  0.147125352064 ,  -0.010716761269 ,  0.174271401698 ,  1.0 ,  1.0 ,  0.285288798711 ,  0.150294764688 ,  -0.0776481684559 ,  0.27526867701 ,  0.27526867701 ,  0.146861097757 ,  0.12685378304 ,  0.169743642986 ,  0.12632919721 ,  -0.114113682736 ,  0.312472614118 ,  0.132028268097
REVERENCE ,  0.223746685464 ,  0.00172856730308 ,  0.584015822239 ,  0.180557625628 ,  0.00692217178414 ,  0.119544665899 ,  8.35305183904e-07 ,  0.379790599183 ,  0.00975320732756 ,  -0.105665987688 ,  0.145446783738 ,  0.145446783738 ,  0.114554164329 ,  0.325897171054 ,  0.0627879962588 ,  -0.00716827351083 ,  0.314717374623 ,  0.132089314835 ,  -0.0365490717126 ,  0.195206588484 ,  0.122651147557 ,  0.0450288590207 ,  0.0766641474482 ,  0.606781059828 ,  0.606781059828 ,  0.493483598446 ,  0.413345613799 ,  0.413345613799 ,  0.2901302207 ,  0.137927230887 ,  0.123830050911 ,  0.123830050911 ,  0.344035493705 ,  -0.0216135035225 ,  0.0789805598653 ,  0.0194148396101 ,  0.356212050539 ,  0.285288798711 ,  0.285288798711 ,  1.0 ,  0.0743417324336 ,  0.0725507897853 ,  0.518938948862 ,  0.518938948862 ,  -0.0577615932318 ,  -0.0113959382463 ,  0.283212704525 ,  0.0540287692832 ,  -0.0870243797958 ,  0.101230716907 ,  0.379413962207
REVERE ,  -0.00253470670555 ,  0.187286511515 ,  0.00229858327305 ,  0.284562298947 ,  0.177332433928 ,  0.243259206776 ,  0.120828978186 ,  -0.0399965274375 ,  0.0374545424244 ,  0.0426917809323 ,  0.129218013349 ,  0.129218013349 ,  0.148558008142 ,  -0.00860410164354 ,  -0.0573744768064 ,  -0.0358877058747 ,  0.0305749958463 ,  0.288081566962 ,  -0.024886639446 ,  -0.0617674471861 ,  0.030721171024 ,  0.00270891565179 ,  -0.0847291233373 ,  0.0909088895153 ,  0.0909088895153 ,  0.120177270645 ,  -0.000378104374745 ,  -0.000378104374745 ,  -0.027991627582 ,  0.199525172465 ,  0.120724412707 ,  0.120724412707 ,  0.0193790956866 ,  0.0836991349126 ,  -0.0365591123653 ,  0.0597228320091 ,  0.137341798611 ,  0.150294764688 ,  0.150294764688 ,  0.0743417324336 ,  1.0 ,  -0.0187548386494 ,  0.126120915519 ,  0.126120915519 ,  0.0507708215852 ,  -0.0493081069738 ,  -0.0416821980128 ,  0.287634807384 ,  0.0137624024702 ,  0.0330104435734 ,  0.00266186009413
