WORDS  , BULLSHIT , ARTIST , BULLSHIT , DECEIVE , DECEPTION , DECEPTIVE , DISSEMBLE , EQUIVOCATE , EQUIVOCATION , FIB , FIB , FOOL , HOODWINK , JOKE , KID , LIE , LIE , MISLEAD , MISREPRESENTATION , MISREPRESENT , PULL , THE , WOOL , OVER , EYES , SHIT , TELL
BULLSHIT ,  1.0 ,  0.05062314335 ,  1.0 ,  0.118235801872 ,  0.142993466 ,  0.0361004749601 ,  0.251191206196 ,  0.226596514917 ,  0.2883991951 ,  0.178532383409 ,  0.178532383409 ,  0.0851984442779 ,  -0.00811071166772 ,  0.14569293332 ,  0.122297748555 ,  0.0755970045755 ,  0.0755970045755 ,  0.087905473224 ,  0.124744816714 ,  0.030748208171 ,  0.0095798705513 ,  -0.0609253375543 ,  0.0377812959016 ,  0.0167940507382 ,  0.0580727450177 ,  0.305733688971 ,  0.00990697578125
ARTIST ,  0.05062314335 ,  1.0 ,  0.05062314335 ,  -0.000141996150058 ,  0.156366864435 ,  -0.0566532547995 ,  -0.009346289395 ,  0.0365883978775 ,  0.0448878435297 ,  0.157566612823 ,  0.157566612823 ,  0.172230978113 ,  -0.0308844969522 ,  0.226998358666 ,  0.523877832394 ,  0.12307059867 ,  0.12307059867 ,  -0.0322187273638 ,  0.0064622402191 ,  -0.100624084871 ,  0.00754575624468 ,  0.0972054803534 ,  -0.000260519970531 ,  0.0825817314577 ,  0.151289387784 ,  0.0179509018695 ,  0.0730486495115
BULLSHIT ,  1.0 ,  0.05062314335 ,  1.0 ,  0.118235801872 ,  0.142993466 ,  0.0361004749601 ,  0.251191206196 ,  0.226596514917 ,  0.2883991951 ,  0.178532383409 ,  0.178532383409 ,  0.0851984442779 ,  -0.00811071166772 ,  0.14569293332 ,  0.122297748555 ,  0.0755970045755 ,  0.0755970045755 ,  0.087905473224 ,  0.124744816714 ,  0.030748208171 ,  0.0095798705513 ,  -0.0609253375543 ,  0.0377812959016 ,  0.0167940507382 ,  0.0580727450177 ,  0.305733688971 ,  0.00990697578125
DECEIVE ,  0.118235801872 ,  -0.000141996150058 ,  0.118235801872 ,  1.0 ,  0.0666366713106 ,  0.143488795722 ,  -0.0246987273972 ,  -0.00706126703599 ,  0.0488482436303 ,  0.0908694932915 ,  0.0908694932915 ,  0.264854852572 ,  0.29080704893 ,  0.0124091419921 ,  0.0151803719156 ,  0.0185147562135 ,  0.0185147562135 ,  0.686824490645 ,  0.13031533446 ,  0.239278536844 ,  0.0879836032333 ,  0.00968657269954 ,  -0.0514347574556 ,  0.0242882792997 ,  0.0289584373015 ,  0.0347175664917 ,  0.173514264229
DECEPTION ,  0.142993466 ,  0.156366864435 ,  0.142993466 ,  0.0666366713106 ,  1.0 ,  0.0632921934869 ,  0.124701894521 ,  0.224881169656 ,  0.324646886063 ,  0.0827829972861 ,  0.0827829972861 ,  0.0846207930618 ,  0.00684428059252 ,  0.22958246516 ,  0.0853868359725 ,  0.141208225853 ,  0.141208225853 ,  0.072525289076 ,  0.351330326633 ,  0.0414906548111 ,  -0.0194385785829 ,  -0.0450644951252 ,  0.0764020229468 ,  -0.0623375791256 ,  0.127798395866 ,  0.108255998629 ,  -0.0188711802453
DECEPTIVE ,  0.0361004749601 ,  -0.0566532547995 ,  0.0361004749601 ,  0.143488795722 ,  0.0632921934869 ,  1.0 ,  0.0552485655003 ,  0.0543927101933 ,  0.0203204880739 ,  0.0459772425843 ,  0.0459772425843 ,  -0.0285782036366 ,  0.032751192735 ,  0.000681852730612 ,  -0.0772818790449 ,  -0.0132927140864 ,  -0.0132927140864 ,  0.154173626675 ,  0.12186950336 ,  0.215604720425 ,  -0.0672439181951 ,  -0.0210835163509 ,  0.0903212638923 ,  0.0163495534854 ,  -0.0939934141086 ,  0.0684613260649 ,  -0.0597407188948
DISSEMBLE ,  0.251191206196 ,  -0.009346289395 ,  0.251191206196 ,  -0.0246987273972 ,  0.124701894521 ,  0.0552485655003 ,  1.0 ,  0.338023191601 ,  0.230449827131 ,  0.178185753817 ,  0.178185753817 ,  0.0266593672464 ,  -0.109510242606 ,  0.152053151052 ,  0.00382468336198 ,  0.143365400313 ,  0.143365400313 ,  0.00887076568641 ,  0.170892974848 ,  0.000280262560861 ,  -0.0166791446436 ,  -0.0689116016877 ,  0.0324230260227 ,  -0.0115457041503 ,  -0.0120372421483 ,  0.12754110302 ,  -0.0407283933046
EQUIVOCATE ,  0.226596514917 ,  0.0365883978775 ,  0.226596514917 ,  -0.00706126703599 ,  0.224881169656 ,  0.0543927101933 ,  0.338023191601 ,  1.0 ,  0.288789376209 ,  0.101378495666 ,  0.101378495666 ,  0.033725449087 ,  -0.111704141657 ,  0.223665184834 ,  0.0457238453111 ,  0.227086574889 ,  0.227086574889 ,  0.0357159903541 ,  0.213028908958 ,  -0.0117079540503 ,  0.0253477853457 ,  -0.0235825814142 ,  0.103549070838 ,  0.0191608846974 ,  0.109183000442 ,  0.190305293435 ,  0.0253140241531
EQUIVOCATION ,  0.2883991951 ,  0.0448878435297 ,  0.2883991951 ,  0.0488482436303 ,  0.324646886063 ,  0.0203204880739 ,  0.230449827131 ,  0.288789376209 ,  1.0 ,  0.111370828465 ,  0.111370828465 ,  0.0272787959966 ,  0.0278669548712 ,  0.22039122939 ,  0.00198023707522 ,  0.0974109898582 ,  0.0974109898582 ,  0.0469378147803 ,  0.346049884763 ,  0.0954607073779 ,  0.000832047158601 ,  -0.078758626325 ,  -0.00700227309154 ,  -0.0362707331839 ,  0.104270348129 ,  0.225325729728 ,  0.00167234070412
FIB ,  0.178532383409 ,  0.157566612823 ,  0.178532383409 ,  0.0908694932915 ,  0.0827829972861 ,  0.0459772425843 ,  0.178185753817 ,  0.101378495666 ,  0.111370828465 ,  1.0 ,  1.0 ,  0.104976249123 ,  0.0169677719423 ,  0.183207656701 ,  0.123777042733 ,  0.164900623854 ,  0.164900623854 ,  0.0793621919967 ,  0.102075211669 ,  -0.00106289178003 ,  -0.0054232536715 ,  0.00900618883786 ,  -0.0307907253465 ,  0.0105219941799 ,  -0.0563260415761 ,  0.0844024884269 ,  0.0450814969886
FIB ,  0.178532383409 ,  0.157566612823 ,  0.178532383409 ,  0.0908694932915 ,  0.0827829972861 ,  0.0459772425843 ,  0.178185753817 ,  0.101378495666 ,  0.111370828465 ,  1.0 ,  1.0 ,  0.104976249123 ,  0.0169677719423 ,  0.183207656701 ,  0.123777042733 ,  0.164900623854 ,  0.164900623854 ,  0.0793621919967 ,  0.102075211669 ,  -0.00106289178003 ,  -0.0054232536715 ,  0.00900618883786 ,  -0.0307907253465 ,  0.0105219941799 ,  -0.0563260415761 ,  0.0844024884269 ,  0.0450814969886
FOOL ,  0.0851984442779 ,  0.172230978113 ,  0.0851984442779 ,  0.264854852572 ,  0.0846207930618 ,  -0.0285782036366 ,  0.0266593672464 ,  0.033725449087 ,  0.0272787959966 ,  0.104976249123 ,  0.104976249123 ,  1.0 ,  0.233736298887 ,  0.269899603197 ,  0.278463323055 ,  0.133159309818 ,  0.133159309818 ,  0.237972422965 ,  0.0900244526796 ,  0.0694332084051 ,  0.136822904863 ,  0.00778625551047 ,  -0.0565381200064 ,  -0.0112950962719 ,  0.0518195977301 ,  0.0794872570366 ,  0.118575222264
HOODWINK ,  -0.00811071166772 ,  -0.0308844969522 ,  -0.00811071166772 ,  0.29080704893 ,  0.00684428059252 ,  0.032751192735 ,  -0.109510242606 ,  -0.111704141657 ,  0.0278669548712 ,  0.0169677719423 ,  0.0169677719423 ,  0.233736298887 ,  1.0 ,  0.0298029571037 ,  0.0631535570107 ,  -0.0316139303327 ,  -0.0316139303327 ,  0.287312467518 ,  0.0618580850386 ,  0.269728420623 ,  0.121308930719 ,  0.0560619393012 ,  -0.0724007705211 ,  0.0270342943711 ,  0.0137058977654 ,  0.0125738662086 ,  0.120249502854
JOKE ,  0.14569293332 ,  0.226998358666 ,  0.14569293332 ,  0.0124091419921 ,  0.22958246516 ,  0.000681852730612 ,  0.152053151052 ,  0.223665184834 ,  0.22039122939 ,  0.183207656701 ,  0.183207656701 ,  0.269899603197 ,  0.0298029571037 ,  1.0 ,  0.295716947431 ,  0.349363304791 ,  0.349363304791 ,  0.0700839798688 ,  0.209201567402 ,  0.0338714451055 ,  0.161786628824 ,  0.0567393910358 ,  -0.0160086017904 ,  0.0663000023681 ,  0.10772151854 ,  0.151510297718 ,  0.183885392378
KID ,  0.122297748555 ,  0.523877832394 ,  0.122297748555 ,  0.0151803719156 ,  0.0853868359725 ,  -0.0772818790449 ,  0.00382468336198 ,  0.0457238453111 ,  0.00198023707522 ,  0.123777042733 ,  0.123777042733 ,  0.278463323055 ,  0.0631535570107 ,  0.295716947431 ,  1.0 ,  0.110574588553 ,  0.110574588553 ,  -0.00226386284587 ,  -0.0436628874215 ,  -0.0834406375399 ,  0.0793052115834 ,  0.0813781670049 ,  0.00364228455558 ,  0.0978338143522 ,  0.160977903986 ,  0.110293748743 ,  0.0711712143112
LIE ,  0.0755970045755 ,  0.12307059867 ,  0.0755970045755 ,  0.0185147562135 ,  0.141208225853 ,  -0.0132927140864 ,  0.143365400313 ,  0.227086574889 ,  0.0974109898582 ,  0.164900623854 ,  0.164900623854 ,  0.133159309818 ,  -0.0316139303327 ,  0.349363304791 ,  0.110574588553 ,  1.0 ,  1.0 ,  0.0132065978094 ,  0.183213744073 ,  0.0570136082642 ,  0.165699431356 ,  0.128954077068 ,  -0.0406199648225 ,  0.116040297265 ,  0.101398301198 ,  0.077867843844 ,  0.152521646076
LIE ,  0.0755970045755 ,  0.12307059867 ,  0.0755970045755 ,  0.0185147562135 ,  0.141208225853 ,  -0.0132927140864 ,  0.143365400313 ,  0.227086574889 ,  0.0974109898582 ,  0.164900623854 ,  0.164900623854 ,  0.133159309818 ,  -0.0316139303327 ,  0.349363304791 ,  0.110574588553 ,  1.0 ,  1.0 ,  0.0132065978094 ,  0.183213744073 ,  0.0570136082642 ,  0.165699431356 ,  0.128954077068 ,  -0.0406199648225 ,  0.116040297265 ,  0.101398301198 ,  0.077867843844 ,  0.152521646076
MISLEAD ,  0.087905473224 ,  -0.0322187273638 ,  0.087905473224 ,  0.686824490645 ,  0.072525289076 ,  0.154173626675 ,  0.00887076568641 ,  0.0357159903541 ,  0.0469378147803 ,  0.0793621919967 ,  0.0793621919967 ,  0.237972422965 ,  0.287312467518 ,  0.0700839798688 ,  -0.00226386284587 ,  0.0132065978094 ,  0.0132065978094 ,  1.0 ,  0.138628595179 ,  0.209184819181 ,  0.0801003633293 ,  0.017051986776 ,  -0.0800129945048 ,  0.0357437287282 ,  0.0544339969279 ,  0.0185618982097 ,  0.201572782643
MISREPRESENTATION ,  0.124744816714 ,  0.0064622402191 ,  0.124744816714 ,  0.13031533446 ,  0.351330326633 ,  0.12186950336 ,  0.170892974848 ,  0.213028908958 ,  0.346049884763 ,  0.102075211669 ,  0.102075211669 ,  0.0900244526796 ,  0.0618580850386 ,  0.209201567402 ,  -0.0436628874215 ,  0.183213744073 ,  0.183213744073 ,  0.138628595179 ,  1.0 ,  0.191329022848 ,  -0.00907880926262 ,  0.0284982038847 ,  -0.0227622842451 ,  0.0423207943721 ,  0.0801237577648 ,  0.187634889841 ,  0.0514567014902
MISREPRESENT ,  0.030748208171 ,  -0.100624084871 ,  0.030748208171 ,  0.239278536844 ,  0.0414906548111 ,  0.215604720425 ,  0.000280262560861 ,  -0.0117079540503 ,  0.0954607073779 ,  -0.00106289178003 ,  -0.00106289178003 ,  0.0694332084051 ,  0.269728420623 ,  0.0338714451055 ,  -0.0834406375399 ,  0.0570136082642 ,  0.0570136082642 ,  0.209184819181 ,  0.191329022848 ,  1.0 ,  0.0752023639723 ,  0.0128287643589 ,  -0.0194708528291 ,  0.0588591932328 ,  -0.00752312364175 ,  0.0623929956054 ,  0.126506200676
PULL ,  0.0095798705513 ,  0.00754575624468 ,  0.0095798705513 ,  0.0879836032333 ,  -0.0194385785829 ,  -0.0672439181951 ,  -0.0166791446436 ,  0.0253477853457 ,  0.000832047158601 ,  -0.0054232536715 ,  -0.0054232536715 ,  0.136822904863 ,  0.121308930719 ,  0.161786628824 ,  0.0793052115834 ,  0.165699431356 ,  0.165699431356 ,  0.0801003633293 ,  -0.00907880926262 ,  0.0752023639723 ,  1.0 ,  0.133537087557 ,  0.0284643911267 ,  0.131927211874 ,  0.105653199469 ,  0.0340345753492 ,  0.28087990908
THE ,  -0.0609253375543 ,  0.0972054803534 ,  -0.0609253375543 ,  0.00968657269954 ,  -0.0450644951252 ,  -0.0210835163509 ,  -0.0689116016877 ,  -0.0235825814142 ,  -0.078758626325 ,  0.00900618883786 ,  0.00900618883786 ,  0.00778625551047 ,  0.0560619393012 ,  0.0567393910358 ,  0.0813781670049 ,  0.128954077068 ,  0.128954077068 ,  0.017051986776 ,  0.0284982038847 ,  0.0128287643589 ,  0.133537087557 ,  1.0 ,  -0.0689245166838 ,  0.291289367548 ,  0.0833167553728 ,  -0.0235787825128 ,  0.213590520285
WOOL ,  0.0377812959016 ,  -0.000260519970531 ,  0.0377812959016 ,  -0.0514347574556 ,  0.0764020229468 ,  0.0903212638923 ,  0.0324230260227 ,  0.103549070838 ,  -0.00700227309154 ,  -0.0307907253465 ,  -0.0307907253465 ,  -0.0565381200064 ,  -0.0724007705211 ,  -0.0160086017904 ,  0.00364228455558 ,  -0.0406199648225 ,  -0.0406199648225 ,  -0.0800129945048 ,  -0.0227622842451 ,  -0.0194708528291 ,  0.0284643911267 ,  -0.0689245166838 ,  1.0 ,  -0.0395069471034 ,  -0.00279277642912 ,  0.0656733800223 ,  -0.0414881752334
OVER ,  0.0167940507382 ,  0.0825817314577 ,  0.0167940507382 ,  0.0242882792997 ,  -0.0623375791256 ,  0.0163495534854 ,  -0.0115457041503 ,  0.0191608846974 ,  -0.0362707331839 ,  0.0105219941799 ,  0.0105219941799 ,  -0.0112950962719 ,  0.0270342943711 ,  0.0663000023681 ,  0.0978338143522 ,  0.116040297265 ,  0.116040297265 ,  0.0357437287282 ,  0.0423207943721 ,  0.0588591932328 ,  0.131927211874 ,  0.291289367548 ,  -0.0395069471034 ,  1.0 ,  0.108212542863 ,  -0.0211861034153 ,  0.295376823004
EYES ,  0.0580727450177 ,  0.151289387784 ,  0.0580727450177 ,  0.0289584373015 ,  0.127798395866 ,  -0.0939934141086 ,  -0.0120372421483 ,  0.109183000442 ,  0.104270348129 ,  -0.0563260415761 ,  -0.0563260415761 ,  0.0518195977301 ,  0.0137058977654 ,  0.10772151854 ,  0.160977903986 ,  0.101398301198 ,  0.101398301198 ,  0.0544339969279 ,  0.0801237577648 ,  -0.00752312364175 ,  0.105653199469 ,  0.0833167553728 ,  -0.00279277642912 ,  0.108212542863 ,  1.0 ,  0.108113091042 ,  0.114539766505
SHIT ,  0.305733688971 ,  0.0179509018695 ,  0.305733688971 ,  0.0347175664917 ,  0.108255998629 ,  0.0684613260649 ,  0.12754110302 ,  0.190305293435 ,  0.225325729728 ,  0.0844024884269 ,  0.0844024884269 ,  0.0794872570366 ,  0.0125738662086 ,  0.151510297718 ,  0.110293748743 ,  0.077867843844 ,  0.077867843844 ,  0.0185618982097 ,  0.187634889841 ,  0.0623929956054 ,  0.0340345753492 ,  -0.0235787825128 ,  0.0656733800223 ,  -0.0211861034153 ,  0.108113091042 ,  1.0 ,  0.0251460515872
TELL ,  0.00990697578125 ,  0.0730486495115 ,  0.00990697578125 ,  0.173514264229 ,  -0.0188711802453 ,  -0.0597407188948 ,  -0.0407283933046 ,  0.0253140241531 ,  0.00167234070412 ,  0.0450814969886 ,  0.0450814969886 ,  0.118575222264 ,  0.120249502854 ,  0.183885392378 ,  0.0711712143112 ,  0.152521646076 ,  0.152521646076 ,  0.201572782643 ,  0.0514567014902 ,  0.126506200676 ,  0.28087990908 ,  0.213590520285 ,  -0.0414881752334 ,  0.295376823004 ,  0.114539766505 ,  0.0251460515872 ,  1.0
