WORDS  , EFFECTIVE , EXCELLENT , FANTASTIC , FINE , GOOD , GREAT , IDEAL , INEFFECTIVE , OUTSTANDING , PERFECT , SPLENDID , SUPER , SUPERB , TERRIFIC , TREMENDOUS , USEFUL , UTILITY , VALUABLE , VALUE , WONDERFUL , WORK
EFFECTIVE ,  1.0 ,  0.418157117973 ,  0.330115499433 ,  0.265061800969 ,  0.327617493338 ,  0.290394536468 ,  0.322503042324 ,  0.513685484374 ,  0.351781904292 ,  0.31363003533 ,  0.264818853682 ,  0.179910096595 ,  0.368794021696 ,  0.400953329962 ,  0.331728200566 ,  0.485744649899 ,  0.0370001607747 ,  0.350120073645 ,  0.106325661274 ,  0.352140884105 ,  0.126251167937
EXCELLENT ,  0.418157117973 ,  1.0 ,  0.629879714428 ,  0.335855522043 ,  0.527827535752 ,  0.512591726527 ,  0.364532011683 ,  0.347980382642 ,  0.598092011605 ,  0.465856290851 ,  0.523675067963 ,  0.243251052816 ,  0.682838683467 ,  0.758026987281 ,  0.525916381573 ,  0.413727546138 ,  0.049056576701 ,  0.424591695726 ,  0.00340056438383 ,  0.640134191914 ,  0.0808736732026
FANTASTIC ,  0.330115499433 ,  0.629879714428 ,  1.0 ,  0.328239261728 ,  0.40781563061 ,  0.516551945958 ,  0.327668395381 ,  0.260102542545 ,  0.52838056915 ,  0.446395061798 ,  0.592427231662 ,  0.280707509876 ,  0.660514426249 ,  0.735171326411 ,  0.572423458479 ,  0.345805602124 ,  0.0102184606372 ,  0.400194757716 ,  -0.00564714641856 ,  0.662717213271 ,  0.0296750101413
FINE ,  0.265061800969 ,  0.335855522043 ,  0.328239261728 ,  1.0 ,  0.328024120796 ,  0.331340544166 ,  0.196222768892 ,  0.173115851038 ,  0.273327319147 ,  0.263657398498 ,  0.251633817728 ,  0.111823421978 ,  0.286058761761 ,  0.357230680643 ,  0.24184712384 ,  0.268194260331 ,  0.0187853117722 ,  0.23458363726 ,  0.146829251835 ,  0.362588355486 ,  0.122392553083
GOOD ,  0.327617493338 ,  0.527827535752 ,  0.40781563061 ,  0.328024120796 ,  1.0 ,  0.570384509135 ,  0.298694421026 ,  0.203268208602 ,  0.361474246768 ,  0.345406552323 ,  0.300766910313 ,  0.157758599569 ,  0.355883278007 ,  0.502505513398 ,  0.359202395288 ,  0.331203636578 ,  0.0669369126834 ,  0.32191379026 ,  0.114352716903 ,  0.523899034013 ,  0.162225286951
GREAT ,  0.290394536468 ,  0.512591726527 ,  0.516551945958 ,  0.331340544166 ,  0.570384509135 ,  1.0 ,  0.280660546492 ,  0.1818363715 ,  0.388047634338 ,  0.390493229075 ,  0.415142544882 ,  0.236375602643 ,  0.420841095973 ,  0.593096388643 ,  0.553366240551 ,  0.295069318943 ,  0.0129695869056 ,  0.319098787317 ,  0.0218631068775 ,  0.646054380805 ,  0.0628513179926
IDEAL ,  0.322503042324 ,  0.364532011683 ,  0.327668395381 ,  0.196222768892 ,  0.298694421026 ,  0.280660546492 ,  1.0 ,  0.265905670256 ,  0.288803418372 ,  0.540890060568 ,  0.2494134961 ,  0.134113771089 ,  0.319864378312 ,  0.32518618515 ,  0.23393748653 ,  0.345697772073 ,  0.0678140297914 ,  0.244903923778 ,  0.0926169937995 ,  0.342909970708 ,  0.0692612648944
INEFFECTIVE ,  0.513685484374 ,  0.347980382642 ,  0.260102542545 ,  0.173115851038 ,  0.203268208602 ,  0.1818363715 ,  0.265905670256 ,  1.0 ,  0.327703127891 ,  0.20292184258 ,  0.282834771219 ,  0.102919777402 ,  0.399439071244 ,  0.287337341506 ,  0.215142923243 ,  0.409556028733 ,  0.0527944532355 ,  0.30203496171 ,  -0.0324380763673 ,  0.239530337858 ,  0.0152643105377
OUTSTANDING ,  0.351781904292 ,  0.598092011605 ,  0.52838056915 ,  0.273327319147 ,  0.361474246768 ,  0.388047634338 ,  0.288803418372 ,  0.327703127891 ,  1.0 ,  0.367988287542 ,  0.465349688587 ,  0.234001367551 ,  0.616979472188 ,  0.604959845137 ,  0.446072857265 ,  0.355145482569 ,  0.0634928192842 ,  0.445268379634 ,  0.0960774075498 ,  0.474615039424 ,  0.0863068586147
PERFECT ,  0.31363003533 ,  0.465856290851 ,  0.446395061798 ,  0.263657398498 ,  0.345406552323 ,  0.390493229075 ,  0.540890060568 ,  0.20292184258 ,  0.367988287542 ,  1.0 ,  0.40970643688 ,  0.234758984994 ,  0.408175941325 ,  0.473273399988 ,  0.383741607482 ,  0.300366650239 ,  -0.0260454190218 ,  0.301179917704 ,  0.0557064550879 ,  0.478802428468 ,  0.0961640060459
SPLENDID ,  0.264818853682 ,  0.523675067963 ,  0.592427231662 ,  0.251633817728 ,  0.300766910313 ,  0.415142544882 ,  0.2494134961 ,  0.282834771219 ,  0.465349688587 ,  0.40970643688 ,  1.0 ,  0.255002330967 ,  0.642569526739 ,  0.571017921272 ,  0.455137464584 ,  0.330155792545 ,  -0.0509857200381 ,  0.401362968362 ,  -0.102589301538 ,  0.529305102559 ,  -0.0419044396755
SUPER ,  0.179910096595 ,  0.243251052816 ,  0.280707509876 ,  0.111823421978 ,  0.157758599569 ,  0.236375602643 ,  0.134113771089 ,  0.102919777402 ,  0.234001367551 ,  0.234758984994 ,  0.255002330967 ,  1.0 ,  0.285354094379 ,  0.285793747919 ,  0.273915633681 ,  0.0949392165732 ,  0.0528979398119 ,  0.230345654904 ,  0.0406114971794 ,  0.261339116682 ,  0.0184011851366
SUPERB ,  0.368794021696 ,  0.682838683467 ,  0.660514426249 ,  0.286058761761 ,  0.355883278007 ,  0.420841095973 ,  0.319864378312 ,  0.399439071244 ,  0.616979472188 ,  0.408175941325 ,  0.642569526739 ,  0.285354094379 ,  1.0 ,  0.681039085671 ,  0.500206771515 ,  0.376099961898 ,  0.00627612506969 ,  0.440441781159 ,  -0.0423925469033 ,  0.572826940647 ,  -0.0162137767393
TERRIFIC ,  0.400953329962 ,  0.758026987281 ,  0.735171326411 ,  0.357230680643 ,  0.502505513398 ,  0.593096388643 ,  0.32518618515 ,  0.287337341506 ,  0.604959845137 ,  0.473273399988 ,  0.571017921272 ,  0.285793747919 ,  0.681039085671 ,  1.0 ,  0.607373979978 ,  0.398139447103 ,  0.0436407045722 ,  0.444942975629 ,  -0.00804712268989 ,  0.734787343461 ,  0.057568232891
TREMENDOUS ,  0.331728200566 ,  0.525916381573 ,  0.572423458479 ,  0.24184712384 ,  0.359202395288 ,  0.553366240551 ,  0.23393748653 ,  0.215142923243 ,  0.446072857265 ,  0.383741607482 ,  0.455137464584 ,  0.273915633681 ,  0.500206771515 ,  0.607373979978 ,  1.0 ,  0.319645449367 ,  0.025469617312 ,  0.414012541135 ,  0.0321566748204 ,  0.578154601441 ,  0.0499095247169
USEFUL ,  0.485744649899 ,  0.413727546138 ,  0.345805602124 ,  0.268194260331 ,  0.331203636578 ,  0.295069318943 ,  0.345697772073 ,  0.409556028733 ,  0.355145482569 ,  0.300366650239 ,  0.330155792545 ,  0.0949392165732 ,  0.376099961898 ,  0.398139447103 ,  0.319645449367 ,  1.0 ,  0.0880250531992 ,  0.578564657478 ,  0.109442486389 ,  0.416528628455 ,  0.0974630906811
UTILITY ,  0.0370001607747 ,  0.049056576701 ,  0.0102184606372 ,  0.0187853117722 ,  0.0669369126834 ,  0.0129695869056 ,  0.0678140297914 ,  0.0527944532355 ,  0.0634928192842 ,  -0.0260454190218 ,  -0.0509857200381 ,  0.0528979398119 ,  0.00627612506969 ,  0.0436407045722 ,  0.025469617312 ,  0.0880250531992 ,  1.0 ,  0.106844996517 ,  0.153482576772 ,  0.0354464786213 ,  0.0738252340474
VALUABLE ,  0.350120073645 ,  0.424591695726 ,  0.400194757716 ,  0.23458363726 ,  0.32191379026 ,  0.319098787317 ,  0.244903923778 ,  0.30203496171 ,  0.445268379634 ,  0.301179917704 ,  0.401362968362 ,  0.230345654904 ,  0.440441781159 ,  0.444942975629 ,  0.414012541135 ,  0.578564657478 ,  0.106844996517 ,  1.0 ,  0.140888267156 ,  0.407647322323 ,  0.0846921842264
VALUE ,  0.106325661274 ,  0.00340056438383 ,  -0.00564714641856 ,  0.146829251835 ,  0.114352716903 ,  0.0218631068775 ,  0.0926169937995 ,  -0.0324380763673 ,  0.0960774075498 ,  0.0557064550879 ,  -0.102589301538 ,  0.0406114971794 ,  -0.0423925469033 ,  -0.00804712268989 ,  0.0321566748204 ,  0.109442486389 ,  0.153482576772 ,  0.140888267156 ,  1.0 ,  0.0107420381289 ,  0.202928707929
WONDERFUL ,  0.352140884105 ,  0.640134191914 ,  0.662717213271 ,  0.362588355486 ,  0.523899034013 ,  0.646054380805 ,  0.342909970708 ,  0.239530337858 ,  0.474615039424 ,  0.478802428468 ,  0.529305102559 ,  0.261339116682 ,  0.572826940647 ,  0.734787343461 ,  0.578154601441 ,  0.416528628455 ,  0.0354464786213 ,  0.407647322323 ,  0.0107420381289 ,  1.0 ,  0.0778663439641
WORK ,  0.126251167937 ,  0.0808736732026 ,  0.0296750101413 ,  0.122392553083 ,  0.162225286951 ,  0.0628513179926 ,  0.0692612648944 ,  0.0152643105377 ,  0.0863068586147 ,  0.0961640060459 ,  -0.0419044396755 ,  0.0184011851366 ,  -0.0162137767393 ,  0.057568232891 ,  0.0499095247169 ,  0.0974630906811 ,  0.0738252340474 ,  0.0846921842264 ,  0.202928707929 ,  0.0778663439641 ,  1.0
